#               t [s]              M_x [A/m]              M_y [A/m]              M_z [A/m]
9.999999999999999e-12 -7.103290227213653e+03  6.722277474465592e+03  4.522300676542658e+03
2.000000000000000e-11 -7.809734301028875e+03  4.016406495596153e+03  1.010884896080299e+04
3.000000000000000e-11 -7.006754087378089e+03  1.284881068247775e+03  1.740374970048387e+04
4.000000000000000e-11 -5.067324738346575e+03 -3.234514989821849e+02  2.496626727987978e+04
5.000000000000000e-11 -3.098814945640115e+03 -6.877287200424945e+02  3.312983524566194e+04
6.000000000000000e-11 -3.026769515631805e+03 -6.016510991045498e+02  4.195034521976853e+04
7.000000000000000e-11 -2.984803409898269e+03  4.533259910136686e+02  5.026659669284149e+04
8.000000000000000e-11 -4.094633437513080e+03  1.005304321756931e+03  5.999134427041988e+04
9.000000000000000e-11 -5.209290171287779e+03  6.699581108989569e+02  6.986332488482421e+04
1.000000000000000e-10 -5.525791795499711e+03 -1.024256784328616e+03  7.870180047201621e+04
1.100000000000000e-10 -5.257623074964626e+03 -3.060092527921472e+03  8.811231202486715e+04
1.200000000000000e-10 -3.755654274850634e+03 -4.755705075836302e+03  9.464171243788718e+04
1.300000000000000e-10 -1.505696788577477e+03 -5.907186163667243e+03  1.027191679295038e+05
1.400000000000000e-10  1.949332158253278e+03 -5.982021324069467e+03  1.102656722692837e+05
1.500000000000000e-10  5.343728025322036e+03 -5.824108796944709e+03  1.179286950112066e+05
1.600000000000000e-10  8.583652310515279e+03 -4.300938318787009e+03  1.243843954065293e+05
1.700000000000000e-10  1.052093794164069e+04 -1.844205878482837e+03  1.309259516574026e+05
1.800000000000000e-10  1.137516849177952e+04  1.742296177664653e+03  1.378170534985125e+05
1.900000000000000e-10  1.096552650767899e+04  6.713333254650297e+03  1.439981942555265e+05
2.000000000000000e-10  8.761856153019246e+03  9.898322854069273e+03  1.511702341848311e+05
2.100000000000000e-10  4.408164817108704e+03  1.250299970611937e+04  1.582613715198140e+05
2.200000000000000e-10 -6.865314753901176e+02  1.352808514700451e+04  1.659282418807213e+05
2.300000000000000e-10 -5.836677993422039e+03  1.245101364016523e+04  1.732171277814019e+05
2.400000000000000e-10 -9.845033878844864e+03  1.020539338042097e+04  1.793277600174527e+05
2.500000000000000e-10 -1.248011660544881e+04  6.210889260471544e+03  1.862446085835709e+05
2.600000000000000e-10 -1.331626203701184e+04  2.501749368659653e+03  1.919425997227447e+05
2.700000000000000e-10 -1.313698649423498e+04 -1.614922140491647e+03  1.979295138452715e+05
2.800000000000000e-10 -1.004193131808860e+04 -5.121644473594654e+03  2.042148947196444e+05
2.900000000000000e-10 -7.634526401563558e+03 -7.648326248148950e+03  2.109659164891354e+05
3.000000000000000e-10 -4.124879431084615e+03 -8.014520300072167e+03  2.168203416768870e+05
3.100000000000000e-10 -1.193881794879796e+03 -7.266152591829175e+03  2.222309344686019e+05
3.200000000000000e-10  1.208516044433311e+03 -5.520675635737985e+03  2.283489070686814e+05
3.300000000000000e-10  3.127795276314417e+03 -3.077061560339163e+03  2.336016314497588e+05
3.400000000000000e-10  2.901123563189127e+03  6.189259698984468e+01  2.405969005937773e+05
3.500000000000000e-10  1.573837593251968e+03  2.207772028181953e+03  2.464567122820954e+05
3.600000000000000e-10 -3.030988670596687e+02  1.759351492017614e+03  2.521267609094057e+05
3.700000000000000e-10 -2.206257348631210e+03  1.448017633801575e+03  2.577670810921276e+05
3.800000000000000e-10 -3.418950441358812e+03  4.622329012574014e+02  2.623488371949724e+05
3.900000000000000e-10 -3.563279235495492e+03 -1.267262678026745e+03  2.669896805567204e+05
4.000000000000000e-10 -2.124818337119321e+03 -3.353638060334589e+03  2.713599560367808e+05
4.100000000000000e-10  9.026881766915068e+02 -4.667368523267055e+03  2.752900980670774e+05
4.200000000000000e-10  2.649547130030172e+03 -3.604197784369299e+03  2.797606267405675e+05
4.300000000000000e-10  5.584867414043665e+03 -1.517265496527807e+03  2.843708822893038e+05
4.400000000000000e-10  6.090333236058695e+03  2.096746582713336e+03  2.893740034774078e+05
4.500000000000000e-10  5.203578179540413e+03  4.908349698894045e+03  2.948110129633395e+05
4.600000000000000e-10  3.673138711218811e+03  6.898051590138642e+03  2.998036530764395e+05
4.700000000000000e-10  1.451742269500613e+03  7.139835988165548e+03  3.043554919500029e+05
4.800000000000000e-10 -1.707250765371882e+00  7.732526532394812e+03  3.083569559733646e+05
4.900000000000000e-10 -1.852049378944364e+03  7.350917732717206e+03  3.114946980188470e+05
5.000000000000000e-10 -2.844763623509328e+03  5.939421307913729e+03  3.147528305321501e+05
5.100000000000000e-10 -3.259003058394184e+03  4.477581818803145e+03  3.180153195201426e+05
5.200000000000000e-10 -4.439219690506327e+03  3.678409774306532e+03  3.218040102931883e+05
5.300000000000000e-10 -5.203344121833537e+03  2.386247979854085e+03  3.265148483361354e+05
5.400000000000000e-10 -5.421413293136000e+03  1.814905008210679e+03  3.304196409020915e+05
5.500000000000000e-10 -3.842403385665216e+03  6.622889622922859e+02  3.339105693563806e+05
5.600000000000000e-10 -1.779882745675842e+03  6.057644464871776e+02  3.367441178235644e+05
5.700000000000000e-10 -2.064012854052905e+03  2.871711668097011e+03  3.386325677528315e+05
5.800000000000000e-10 -2.645866903679786e+03  4.990308878954832e+03  3.406073753659269e+05
5.900000000000000e-10 -3.566946459406859e+03  6.571379160376998e+03  3.425682244602781e+05
6.000000000000000e-10 -5.304711298351523e+03  6.915471965014412e+03  3.447128640345660e+05
6.100000000000000e-10 -7.153708409891589e+03  6.624477739189886e+03  3.476075851128228e+05
6.200000000000000e-10 -8.756546517173954e+03  5.047898120638190e+03  3.510071560633129e+05
6.300000000000000e-10 -8.738266771730276e+03  3.501612883077386e+03  3.545518669541997e+05
6.400000000000000e-10 -8.067614855212793e+03  2.510056925541985e+03  3.576918393362444e+05
6.500000000000000e-10 -7.166830994662436e+03  8.092806731314013e+02  3.607152758554061e+05
6.600000000000000e-10 -5.842117403479858e+03  8.817953982517892e+02  3.628583111573928e+05
6.700000000000000e-10 -4.308828328339077e+03  2.609790390101812e+03  3.648473193786895e+05
6.800000000000000e-10 -3.949332261381035e+03  3.182426012519281e+03  3.672750084362710e+05
6.900000000000000e-10 -4.331894229371502e+03  3.353848003307129e+03  3.695174257262661e+05
7.000000000000000e-10 -4.013250132341803e+03  3.408924982878902e+03  3.717511617508549e+05
7.100000000000000e-10 -4.169369509015135e+03  3.022851217105650e+03  3.733537156599380e+05
7.199999999999990e-10 -4.355880939776741e+03  4.582576123308514e+03  3.746256590313728e+05
7.299999999999990e-10 -4.605528464408668e+03  4.250001988851497e+03  3.763089118172065e+05
7.399999999999990e-10 -6.114899448189905e+03  3.414925680766080e+03  3.782711584283694e+05
7.499999999999990e-10 -5.792262286479870e+03  2.361966092100290e+03  3.810948403713855e+05
7.599999999999990e-10 -5.050528402419597e+03  1.597468751040036e+03  3.830961428415402e+05
7.699999999999990e-10 -4.384300255121330e+03  1.620978976687292e+03  3.851470281109422e+05
7.799999999999990e-10 -3.080989928974046e+03  2.640167360038753e+03  3.860315765222295e+05
7.899999999999990e-10 -3.447282791428657e+03  3.421350020676097e+03  3.868582341668577e+05
7.999999999999990e-10 -4.035322346370677e+03  2.788549297828773e+03  3.875586994383760e+05
8.099999999999990e-10 -3.657668686879766e+03  2.931539555932928e+03  3.887908152881016e+05
8.199999999999990e-10 -4.384698847993220e+03  4.494281206948701e+03  3.900235369299373e+05
8.299999999999990e-10 -5.629477071498421e+03  3.395983294422373e+03  3.910200678043666e+05
8.399999999999990e-10 -6.425455822276809e+03  1.651740946332228e+03  3.922015718731981e+05
8.499999999999990e-10 -6.163910241607737e+03  1.550518181697498e+02  3.930690962724558e+05
8.599999999999990e-10 -5.992000051929390e+03 -1.563774443893260e+02  3.936817008782623e+05
8.699999999999990e-10 -4.234031985240506e+03  1.322397679687691e+02  3.950110933680488e+05
8.799999999999990e-10 -3.307956501128264e+03  5.040967571722867e+02  3.965023344771442e+05
8.899999999999990e-10 -3.880899992809138e+03  1.640077292531342e+03  3.976219922968805e+05
8.999999999999990e-10 -3.728270118078083e+03  1.533075953841823e+03  3.985943703380581e+05
9.099999999999990e-10 -2.942611128421442e+03  3.088321841103882e+03  3.997804950834160e+05
9.199999999999990e-10 -3.230793169568695e+03  2.307681451970361e+03  4.001716311988739e+05
9.299999999999990e-10 -3.965213811599407e+03  2.474516760465158e+03  4.007459939983233e+05
9.399999999999990e-10 -2.913506086799260e+03  1.800004419949929e+03  4.022780219194622e+05
9.499999999999990e-10 -2.295633340551664e+03  2.122800890718962e+03  4.027130013709483e+05
9.599999999999990e-10 -1.981031249554837e+03  1.943325805062189e+03  4.033921443092184e+05
9.699999999999989e-10 -1.670265062886114e+03  2.555272588529258e+03  4.041344971239903e+05
9.799999999999991e-10 -1.757218738801578e+03  2.836738544701810e+03  4.048720026812942e+05
9.899999999999991e-10  7.608591980304780e+01  2.385584644934729e+03  4.052278531101724e+05
9.999999999999990e-10 -2.052375444848880e+02  4.089493125825258e+03  4.055747633902670e+05
1.010000000000000e-09 -6.105629915084432e+02  6.616213266610240e+03  4.062896199485806e+05
1.020000000000000e-09 -3.134649752937774e+03  7.047699252126039e+03  4.068604589899537e+05
1.030000000000000e-09 -4.276158532157513e+03  5.984635543587626e+03  4.076850360877450e+05
1.040000000000000e-09 -5.526056993652473e+03  5.872919816187497e+03  4.080219342796279e+05
1.050000000000000e-09 -5.372648731555798e+03  4.964330162960401e+03  4.086812675589285e+05
1.060000000000000e-09 -5.869451182251098e+03  3.030499976352479e+03  4.090730181444408e+05
1.070000000000000e-09 -5.523717796862688e+03  3.332850118866209e+03  4.093296943031129e+05
1.080000000000000e-09 -5.464598618089301e+03  2.499720075561056e+03  4.094273765884262e+05
1.090000000000000e-09 -5.027483121661709e+03  1.081953754018578e+03  4.096862329600606e+05
1.100000000000000e-09 -4.473216378918522e+03 -2.811816069193315e+01  4.102459882215057e+05
1.110000000000000e-09 -3.303233530900861e+03  7.853284855925916e+02  4.110759334489938e+05
1.120000000000000e-09 -3.126140502965247e+03  1.653878177309935e+03  4.116583706786891e+05
1.130000000000000e-09 -2.950193676770365e+03  2.401416394684064e+03  4.125281000268957e+05
1.140000000000000e-09 -3.607165941359953e+03  3.728452726738270e+03  4.133276719704186e+05
1.150000000000000e-09 -4.478629864346572e+03  3.739232564941224e+03  4.142088738146399e+05
1.160000000000000e-09 -4.397217796224377e+03  3.589090308013087e+03  4.140941041342092e+05
1.170000000000000e-09 -3.925969501306687e+03  3.666789786142290e+03  4.139620293479759e+05
1.180000000000000e-09 -4.563184897027095e+03  3.379005525419785e+03  4.137628243870271e+05
1.190000000000000e-09 -4.919031915220196e+03  3.576898196000155e+03  4.132018448745888e+05
1.200000000000000e-09 -4.823437600375048e+03  3.033288506228982e+03  4.131426463679806e+05
1.210000000000000e-09 -4.337695176790578e+03  2.350636725898214e+03  4.131674396191999e+05
1.220000000000000e-09 -2.362043363681729e+03  2.972002459564056e+03  4.133553729249717e+05
1.230000000000000e-09 -7.076616543579813e+02  3.655888899232281e+03  4.136663345091103e+05
1.240000000000000e-09 -9.942661016418371e+02  5.336115958782434e+03  4.144443869060111e+05
1.250000000000000e-09 -1.379218246769555e+03  5.765559534888065e+03  4.151702210846013e+05
1.260000000000000e-09 -3.315991173873196e+03  6.564450079440073e+03  4.158786584201814e+05
1.270000000000000e-09 -4.244605879134205e+03  5.409850642406022e+03  4.165754980645240e+05
1.280000000000000e-09 -5.072947489821866e+03  4.784470331684879e+03  4.164988047823519e+05
1.290000000000000e-09 -5.380014883406253e+03  3.461735295566578e+03  4.165980181265310e+05
1.300000000000000e-09 -7.271214421011077e+03  2.770542323325879e+03  4.162304109584300e+05
1.310000000000000e-09 -7.468315860822565e+03  4.093766042366115e+02  4.165175113903204e+05
1.320000000000000e-09 -5.035508654244214e+03 -1.134156148493825e+02  4.166007162506095e+05
1.330000000000000e-09 -2.627584067777538e+03 -7.658308265809451e+02  4.171002928704016e+05
1.340000000000000e-09 -2.232077371953660e+03  6.693600035761967e+02  4.176597030075744e+05
1.350000000000000e-09 -1.690660962118776e+03  1.033165400762996e+03  4.181297693927808e+05
1.360000000000000e-09 -1.292297743378802e+03  1.660095704838015e+03  4.180317525729866e+05
1.370000000000000e-09 -1.025498991585093e+03  2.066825938628182e+03  4.184356858919177e+05
1.380000000000000e-09 -1.274317586637316e+02  4.025893885311231e+03  4.180760924591392e+05
1.390000000000000e-09 -1.142926540892693e+03  4.732237412043589e+03  4.181958636332738e+05
1.400000000000000e-09 -2.288277276218028e+03  6.477257698672720e+03  4.183823611182377e+05
1.410000000000000e-09 -3.427582368874218e+03  6.196040490777168e+03  4.185675986806760e+05
1.420000000000000e-09 -4.995008522098738e+03  5.226010329377843e+03  4.188246100523110e+05
1.430000000000000e-09 -5.444478785673517e+03  4.040129383535261e+03  4.190094601953888e+05
1.440000000000000e-09 -4.593664389604895e+03  3.594359901156077e+03  4.190309953476194e+05
1.450000000000000e-09 -4.338528469849995e+03  3.779317417707297e+03  4.189536135439386e+05
1.460000000000000e-09 -5.296931086265624e+03  3.842430642311736e+03  4.191787361160602e+05
1.470000000000000e-09 -5.687617058823161e+03  3.244294732671147e+03  4.194146278649808e+05
1.480000000000000e-09 -5.335204436555655e+03  2.338158338317677e+03  4.198913986558729e+05
1.490000000000000e-09 -5.599161304158052e+03  1.580727271443651e+03  4.201589429412226e+05
1.500000000000000e-09 -5.596890230969797e+03  1.838503244709619e+03  4.200809246461831e+05
1.510000000000000e-09 -4.040844041842334e+03  2.587802270103275e+03  4.198561632161915e+05
1.520000000000000e-09 -4.513943557560785e+03  2.585260730760459e+03  4.199543902281842e+05
1.530000000000000e-09 -5.319155871882969e+03  2.389396359588952e+03  4.199937449171395e+05
1.540000000000000e-09 -5.219384110691692e+03  3.252378390932039e+02  4.200604061258127e+05
1.550000000000000e-09 -3.007384895184270e+03  1.563309013872587e+03  4.203074918717974e+05
1.560000000000000e-09 -2.236906515904789e+03  2.406044190631650e+03  4.204451777089743e+05
1.570000000000000e-09 -1.973846637143190e+03  3.651631961723418e+03  4.209432284723092e+05
1.580000000000000e-09 -2.470652130600009e+03  4.577323425609629e+03  4.207288457916077e+05
1.590000000000000e-09 -3.415885950727542e+03  5.096205091915454e+03  4.207503130701634e+05
1.600000000000000e-09 -3.467249464170021e+03  5.843594442978943e+03  4.205822133180539e+05
1.610000000000000e-09 -5.311000167358165e+03  6.504800992700751e+03  4.205809062997082e+05
1.620000000000000e-09 -6.975455520879182e+03  6.560685877386931e+03  4.205511063174938e+05
1.630000000000000e-09 -8.163485934411319e+03  3.871215614312451e+03  4.208230347186429e+05
1.640000000000000e-09 -7.066476922149755e+03  2.468330068308452e+03  4.211544369039920e+05
1.650000000000000e-09 -5.755024203584400e+03  2.395789658992256e+03  4.214729410317272e+05
1.660000000000000e-09 -5.304338418988548e+03  2.965454690342727e+03  4.217272853491756e+05
1.670000000000000e-09 -5.006223010805455e+03  1.278466943373497e+03  4.216105232185310e+05
1.680000000000000e-09 -4.344770235057040e+03  1.261515919146301e+03  4.213797678578670e+05
1.690000000000000e-09 -3.387073522423347e+03 -4.059034305835718e+01  4.215742613693412e+05
1.700000000000000e-09 -2.455942453842507e+03  1.213964712069291e+03  4.214887985525747e+05
1.710000000000000e-09 -1.597879270849360e+03  1.720743518709596e+03  4.210658255065231e+05
1.720000000000000e-09 -2.194749202347376e+03  2.370670552422171e+03  4.208702286409639e+05
1.730000000000000e-09 -2.990867546051604e+03  2.772993814478171e+03  4.209881899271056e+05
1.740000000000000e-09 -1.999873812511613e+03  3.979050671205351e+03  4.211552587284771e+05
1.750000000000000e-09 -1.973607356310840e+03  3.305109688161379e+03  4.212375008650031e+05
1.760000000000000e-09 -2.716551926191476e+03  4.345077835375891e+03  4.212518300618487e+05
1.770000000000000e-09 -3.362328403626889e+03  4.787444204000579e+03  4.217033201420425e+05
1.780000000000000e-09 -4.016123806415204e+03  4.389168262939596e+03  4.215246722424840e+05
1.790000000000000e-09 -4.533244954126466e+03  3.088873754127235e+03  4.212503705287975e+05
1.800000000000000e-09 -3.119483211724699e+03  2.761805841358058e+03  4.211026044436187e+05
1.810000000000000e-09 -2.921996183179995e+03  3.659121814151097e+03  4.211811119859025e+05
1.820000000000000e-09 -3.355656133698248e+03  3.503787447228794e+03  4.216557092987997e+05
1.830000000000000e-09 -2.716078410641589e+03  4.126678100801841e+03  4.215653651221553e+05
1.840000000000000e-09 -3.231391468275399e+03  3.841145068234108e+03  4.215986218809254e+05
1.850000000000000e-09 -2.415268065552091e+03  4.451560868643718e+03  4.218277791784854e+05
1.860000000000000e-09 -2.942358670879048e+03  4.752889415000172e+03  4.217497191406604e+05
1.870000000000000e-09 -3.823199866349474e+03  4.054113916679555e+03  4.213025568114558e+05
1.880000000000000e-09 -4.390921482839590e+03  3.916461683229873e+03  4.210463041513087e+05
1.890000000000000e-09 -4.181726701589420e+03  4.445889199609675e+03  4.213145343183503e+05
1.900000000000000e-09 -4.134029436607470e+03  3.329460434965185e+03  4.213103343478286e+05
1.910000000000000e-09 -3.990995481744214e+03  2.816113713422005e+03  4.216937601342546e+05
1.920000000000000e-09 -2.789445186214117e+03  2.910417431066001e+03  4.214790332894496e+05
1.930000000000000e-09 -2.556145689555107e+03  2.524572119022618e+03  4.213541405703640e+05
1.940000000000000e-09 -2.643405607285124e+03  1.110452032257254e+03  4.207506650966832e+05
1.950000000000000e-09 -1.837204643808258e+03  1.214631180225214e+03  4.205743077848444e+05
1.960000000000000e-09 -2.359582193417081e+03  2.091977265298257e+03  4.207361901787690e+05
1.970000000000000e-09 -2.262085922565452e+03  1.555410183007325e+03  4.207745443643326e+05
1.980000000000000e-09 -2.849592692538940e+03  9.918409449032414e+02  4.207184015722813e+05
1.990000000000000e-09 -3.444752173132443e+03  3.446696504959058e+02  4.209793874757652e+05
2.000000000000000e-09 -4.079619231439178e+03 -4.685991285259097e+01  4.212156835991474e+05
2.010000000000000e-09 -4.635332468871202e+03 -5.944941610119764e+02  4.218727835254074e+05
2.020000000000000e-09 -4.405769377599856e+03 -1.060199718820408e+03  4.227443817717095e+05
2.030000000000000e-09 -3.257840360139313e+03 -2.009530422996714e+03  4.231526964811416e+05
2.040000000000000e-09 -2.209494670751256e+03 -1.365865160625922e+03  4.233067538341382e+05
2.050000000000000e-09 -1.272238750943846e+03 -4.625344986146467e+02  4.232822145109953e+05
2.060000000000000e-09 -7.858248767570473e+02  1.065750933018275e+03  4.229198983064555e+05
2.070000000000000e-09 -7.484594058507689e+02  1.878832864113415e+03  4.226172295380255e+05
2.080000000000000e-09 -1.506597605775908e+03  1.479904658872158e+03  4.220750079191524e+05
2.090000000000000e-09 -4.728376112515650e+02  1.969628719816926e+03  4.214889341808759e+05
2.100000000000000e-09 -1.129765954973560e+03  3.930240891759804e+03  4.211444738110961e+05
2.110000000000000e-09 -2.036990292267272e+03  5.146252538851236e+03  4.208834336657713e+05
2.120000000000000e-09 -2.584243725768669e+03  5.015826704203321e+03  4.207668075397714e+05
2.130000000000000e-09 -3.175059951326063e+03  4.270365430960970e+03  4.208595007903645e+05
2.140000000000000e-09 -1.989535157393625e+03  3.397704389921145e+03  4.210332261308543e+05
2.150000000000000e-09 -1.958863752103738e+03  4.364596893595367e+03  4.209483617146138e+05
2.160000000000000e-09 -2.357672999824475e+03  4.794219720494708e+03  4.206201093768237e+05
2.170000000000000e-09 -2.856340770865813e+03  4.484297520744273e+03  4.211352669540553e+05
2.180000000000000e-09 -3.020844729606486e+03  3.355552119596012e+03  4.215219265427061e+05
2.190000000000000e-09 -3.196353530048509e+03  3.150026095147047e+03  4.223793460339648e+05
2.200000000000000e-09 -3.182058940023700e+03  2.329110590663911e+03  4.229179585105550e+05
2.210000000000000e-09 -3.819359951436682e+03  3.176981107314378e+03  4.231651843709517e+05
2.220000000000000e-09 -2.728202287286286e+03  2.683338428613693e+03  4.230887826501835e+05
2.230000000000000e-09 -3.369466710649775e+03  4.119779772880790e+03  4.230397543283603e+05
2.240000000000000e-09 -3.451413531205586e+03  2.549418676461569e+03  4.227128337267826e+05
2.250000000000000e-09 -3.192309587728882e+03  4.166784442456028e+03  4.224871637544673e+05
2.260000000000000e-09 -3.299988252585606e+03  4.691056943856406e+03  4.225086690671436e+05
2.270000000000000e-09 -4.153190035572905e+03  5.555514742368323e+03  4.223577322398966e+05
2.280000000000000e-09 -5.909652603033102e+03  5.034803123648233e+03  4.219910953045581e+05
2.290000000000000e-09 -6.350630473940566e+03  3.651988999270525e+03  4.218654445944831e+05
2.300000000000000e-09 -6.369397715164508e+03  3.189127396655311e+03  4.218106515306950e+05
2.310000000000000e-09 -5.707340091817314e+03  7.705233490651485e+02  4.213832886968018e+05
2.320000000000000e-09 -5.015198539494282e+03  1.654041225380776e+02  4.213676325646314e+05
2.330000000000000e-09 -4.661589249029662e+03 -8.084378797784288e+01  4.216032058743715e+05
2.340000000000000e-09 -4.114731001240065e+03 -1.239734209683721e+03  4.217435630610479e+05
2.350000000000000e-09 -3.196067947760111e+03 -1.211777885700193e+03  4.219568230294056e+05
2.360000000000000e-09 -1.952934174156397e+03 -5.597758184954395e+02  4.219437656005969e+05
2.370000000000000e-09 -1.161393440368856e+03  1.034427288474227e+03  4.222158521907537e+05
2.380000000000000e-09 -1.387135139818016e+03  1.852323654484462e+03  4.223085410205688e+05
2.390000000000000e-09 -2.131390050077347e+03  3.450636790766427e+03  4.222168474608792e+05
2.400000000000000e-09 -3.763689240075738e+03  2.887494635518236e+03  4.222448454266125e+05
2.410000000000010e-09 -4.088551801654346e+03  2.129267407935915e+03  4.221960348830237e+05
2.420000000000010e-09 -3.640910383080301e+03  1.301209267278457e+03  4.220975402055508e+05
2.430000000000010e-09 -3.357542727590519e+03  5.926319966835511e+02  4.214894757490683e+05
2.440000000000010e-09 -1.280977401820825e+03 -3.369336391860971e+02  4.212369635419720e+05
2.450000000000010e-09  6.907226115726221e+02  1.619655546956556e+03  4.212509966576892e+05
2.460000000000010e-09  1.173985317906479e+03  3.472800287990466e+03  4.216059440485889e+05
2.470000000000010e-09  1.690217278833671e+03  6.732009599263482e+03  4.222272128017788e+05
2.480000000000010e-09  1.517991769453063e+02  7.464369903661078e+03  4.222874343821131e+05
2.490000000000010e-09 -1.288222788878132e+03  7.633174706982319e+03  4.222324583911483e+05
2.500000000000010e-09 -2.418417698816367e+03  7.574046656230295e+03  4.222912144275275e+05
2.510000000000010e-09 -3.803232251097599e+03  7.430890085800319e+03  4.218898973221015e+05
2.520000000000010e-09 -4.314867033421924e+03  5.486108208300205e+03  4.212898422128495e+05
2.530000000000010e-09 -3.514995251998861e+03  5.528029225333207e+03  4.207950957850185e+05
2.540000000000010e-09 -3.591776712731085e+03  5.299227177913261e+03  4.205308462607876e+05
2.550000000000010e-09 -3.935756891003633e+03  5.579968770560479e+03  4.206155948992555e+05
2.560000000000010e-09 -4.895073296669721e+03  4.582572425948960e+03  4.205570643925509e+05
2.570000000000010e-09 -5.945346039740278e+03  3.607306689818675e+03  4.205325430892896e+05
2.580000000000010e-09 -5.681514449469699e+03  2.379656605180320e+03  4.206064694861933e+05
2.590000000000010e-09 -3.970361861339878e+03  2.617833672286506e+03  4.206955536813728e+05
2.600000000000010e-09 -3.750566535617610e+03  1.083131696845334e+03  4.208467322092288e+05
2.610000000000010e-09 -3.146614255605821e+03  1.607642599923246e+03  4.214049696340378e+05
2.620000000000010e-09 -2.974902556157944e+03  2.212942083749345e+03  4.219444512629011e+05
2.630000000000010e-09 -2.468987835174446e+03  2.087161485502197e+03  4.219955235263880e+05
2.640000000000010e-09 -2.166999069660803e+03  2.325216123384380e+03  4.220428368139606e+05
2.650000000000010e-09 -1.621034466769201e+03  3.151925220996395e+03  4.217646075561805e+05
2.660000000000010e-09 -1.253186819553847e+03  4.190450114136540e+03  4.217931193762139e+05
2.670000000000010e-09 -6.773912447088588e+02  6.826405094849449e+03  4.216083930563770e+05
2.680000000000010e-09 -2.733545467425175e+03  7.044529456467098e+03  4.214673938631072e+05
2.690000000000010e-09 -3.342862879261129e+03  7.005055124118103e+03  4.210975027258301e+05
2.700000000000010e-09 -4.814432874900308e+03  6.521026421181458e+03  4.205023047384457e+05
2.710000000000010e-09 -5.019990937888613e+03  4.242080735533463e+03  4.204725701859592e+05
2.720000000000010e-09 -5.607723765912236e+03  4.334259267226381e+03  4.206611471691597e+05
2.730000000000010e-09 -5.364769912434136e+03  2.754524907025988e+03  4.208438020498336e+05
2.740000000000010e-09 -3.249239252430079e+03  1.291986523493804e+03  4.210556431763860e+05
2.750000000000010e-09 -2.135804279606469e+03  1.502630769286649e+03  4.213467622461459e+05
2.760000000000010e-09 -4.673811292980434e+02  1.666863024604385e+03  4.218708103042183e+05
2.770000000000010e-09 -5.968198038504586e+02  3.924847106891914e+03  4.222482251664432e+05
2.780000000000010e-09 -3.007334645461156e+02  4.844258101204976e+03  4.226515132050192e+05
2.790000000000010e-09 -6.255172328092530e+02  4.257776820095769e+03  4.223547704486194e+05
2.800000000000010e-09 -1.528203994436707e+03  6.810757345395103e+03  4.219278062798286e+05
2.810000000000010e-09 -2.584580297119473e+03  7.220907107522238e+03  4.215959122157489e+05
2.820000000000010e-09 -3.659383733933815e+03  5.916277956052862e+03  4.212037915148668e+05
2.830000000000010e-09 -5.272176908101876e+03  5.430325649177051e+03  4.211263164491099e+05
2.840000000000010e-09 -6.189068588574623e+03  4.735830427709976e+03  4.211814532122451e+05
2.850000000000010e-09 -7.803695255141409e+03  2.680875959409362e+03  4.211865584350233e+05
2.860000000000010e-09 -7.526048306448631e+03  1.130615863310098e+03  4.217077799521534e+05
2.870000000000010e-09 -4.776996918512308e+03 -2.998587621499722e+02  4.218901331944265e+05
2.880000000000010e-09 -2.653929989395655e+03 -3.566607702812185e+01  4.222895827436147e+05
2.890000000000010e-09 -5.501627334012526e+02  3.269434221670739e+02  4.223155401095049e+05
2.900000000000010e-09 -2.861185479032885e+02  1.895840490276478e+03  4.223699520957662e+05
2.910000000000010e-09 -1.375056389667314e+03  3.761558040673730e+03  4.222987897550380e+05
2.920000000000010e-09 -3.397629886217591e+03  4.044559493509058e+03  4.215856824297328e+05
2.930000000000010e-09 -4.706950038922927e+03  3.629299751956353e+03  4.208311003491001e+05
2.940000000000010e-09 -4.358092730924838e+03  3.675840744693329e+03  4.207580544547240e+05
2.950000000000010e-09 -4.411888585908750e+03  3.266125339629612e+03  4.210114360960884e+05
2.960000000000010e-09 -4.960738680523704e+03  3.242180979874272e+03  4.205459986695357e+05
2.970000000000010e-09 -4.612522726042140e+03  2.149727111742281e+03  4.210167084654465e+05
2.980000000000010e-09 -3.965219906987637e+03  3.006656854598240e+03  4.219051822726383e+05
2.990000000000020e-09 -4.657105560159872e+03  2.663044009950473e+03  4.221127140787435e+05
3.000000000000020e-09 -3.068753069114038e+03  1.817534057385582e+03  4.224581528268224e+05
3.010000000000020e-09 -2.890836028592383e+03  1.928931699404674e+03  4.227038864969818e+05
3.020000000000020e-09 -8.173565317211828e+02  3.279263819580518e+03  4.225603840664728e+05
3.030000000000020e-09 -6.414195166934715e+02  3.746355008106244e+03  4.223520615327830e+05
3.040000000000020e-09 -1.395351287552392e+03  4.961800869538770e+03  4.219033018097972e+05
3.050000000000020e-09 -2.238937975756545e+03  5.045787450097028e+03  4.214380579758539e+05
3.060000000000020e-09 -3.487790111747695e+03  5.058307639822638e+03  4.210652083911555e+05
3.070000000000020e-09 -3.407657642935857e+03  3.945553608538980e+03  4.206891871485094e+05
3.080000000000020e-09 -3.756680062915550e+03  3.787651140216956e+03  4.202544049839650e+05
3.090000000000020e-09 -4.325877244474619e+03  3.127461698769663e+03  4.201425661921633e+05
3.100000000000020e-09 -3.887018788406385e+03  2.674532317736468e+03  4.204851799872270e+05
3.110000000000020e-09 -2.732025213944790e+03  2.730294646815955e+03  4.208051528948234e+05
3.120000000000020e-09 -1.370314071757332e+03  3.653755915068371e+03  4.211423217704909e+05
3.130000000000020e-09 -2.595476978256898e+03  3.604120383790978e+03  4.216442657275681e+05
3.140000000000020e-09 -2.541209559699584e+03  4.380330648884264e+03  4.219166300813769e+05
3.150000000000020e-09 -4.156420720503125e+03  5.235296997313676e+03  4.222160257242806e+05
3.160000000000020e-09 -6.490773605076775e+03  5.711949811013704e+03  4.218104240933846e+05
3.170000000000020e-09 -7.912306046924487e+03  4.654212808704508e+03  4.218785977779853e+05
3.180000000000020e-09 -7.754155368174420e+03  2.002761131958911e+03  4.214094599826401e+05
3.190000000000020e-09 -6.999600750135637e+03  1.492384760508107e+03  4.210232425953551e+05
3.200000000000020e-09 -6.005647299352671e+03  1.024650942549034e+03  4.210138731086007e+05
3.210000000000020e-09 -4.997824031824109e+03  1.146141646157800e+03  4.211752253475820e+05
3.220000000000020e-09 -4.194531538353765e+03  1.191000010677405e+03  4.215788967659125e+05
3.230000000000020e-09 -4.048650451011391e+03  1.720908380727764e+03  4.219165535530890e+05
3.240000000000020e-09 -3.119324266396949e+03  1.538908072235085e+03  4.219887318593693e+05
3.250000000000020e-09 -1.486147410495051e+03  2.316530724131655e+03  4.227194987009548e+05
3.260000000000020e-09 -1.650032148046284e+03  3.097002481432386e+03  4.230702144431890e+05
3.270000000000020e-09 -1.635611718512246e+03  3.150328007366194e+03  4.229530512636901e+05
3.280000000000020e-09  4.642149077872573e+01  2.555253892106608e+03  4.222810312121212e+05
3.290000000000020e-09  7.476044291817345e+02  4.290977236044277e+03  4.215976655798309e+05
3.300000000000020e-09 -1.901046268998089e+02  4.639239796026656e+03  4.209251858387779e+05
3.310000000000020e-09 -5.210820362668609e+02  6.047626308910543e+03  4.203451384264890e+05
3.320000000000020e-09 -1.644356589315972e+03  6.805139344406449e+03  4.202314952229035e+05
3.330000000000020e-09 -2.723183855366996e+03  6.804685545877574e+03  4.205882699946917e+05
3.340000000000020e-09 -4.874489967093826e+03  6.050078661929399e+03  4.209560302655300e+05
3.350000000000020e-09 -6.612509349957430e+03  6.178225783619367e+03  4.208992807915539e+05
3.360000000000020e-09 -7.577730784349280e+03  5.621821000961725e+03  4.209607725930793e+05
3.370000000000020e-09 -7.204184464285022e+03  4.310114703044602e+03  4.211785818176646e+05
3.380000000000020e-09 -7.026424462517374e+03  2.945711264125291e+03  4.215918314713861e+05
3.390000000000020e-09 -6.490423438987936e+03  1.943505315347402e+03  4.216057706762864e+05
3.400000000000020e-09 -5.599277036982664e+03 -2.036145909096386e+02  4.213153797188865e+05
3.410000000000020e-09 -4.023358571968565e+03 -9.931049536587357e+02  4.211356951274616e+05
3.420000000000020e-09 -3.365793813716846e+03 -8.370455558142049e+01  4.211345132004255e+05
3.430000000000020e-09 -2.012728342921888e+03  1.372540576264219e+03  4.216032518963105e+05
3.440000000000020e-09 -7.105116916942540e+02  3.917767165118331e+03  4.217625196119528e+05
3.450000000000020e-09 -1.000110145139214e+03  5.841359091299575e+03  4.219205941235428e+05
3.460000000000020e-09 -1.776870269429909e+03  6.032283433121643e+03  4.219235895803263e+05
3.470000000000020e-09 -3.013011621876439e+03  6.301867065777699e+03  4.221532616329680e+05
3.480000000000020e-09 -4.521820505693295e+03  6.809014433971799e+03  4.219174503746217e+05
3.490000000000020e-09 -5.788037586794758e+03  5.006566085697229e+03  4.219485946289636e+05
3.500000000000020e-09 -6.145543568980191e+03  4.005003249500364e+03  4.217517596017737e+05
3.510000000000020e-09 -4.867813727652067e+03  3.577230857666833e+03  4.219243791928525e+05
3.520000000000020e-09 -4.339798227047795e+03  2.050166423862643e+03  4.218274872676388e+05
3.530000000000020e-09 -3.795759206937158e+03  9.841327837844674e+02  4.214624580329740e+05
3.540000000000020e-09 -2.016315402068244e+03  2.993030917445333e+02  4.211858788132742e+05
3.550000000000020e-09  6.033354713105483e+02  2.957641148527821e+02  4.212155331013229e+05
3.560000000000020e-09  2.496425223323536e+03  2.528382928029566e+03  4.213779658266526e+05
3.570000000000030e-09  1.672959059067232e+03  5.544570220514923e+03  4.218081000459954e+05
3.580000000000030e-09 -5.250369467131807e+02  6.606854172357483e+03  4.220220424306922e+05
3.590000000000030e-09 -1.915144173645344e+03  7.192468244173131e+03  4.218602016341953e+05
3.600000000000030e-09 -3.926674290679548e+03  6.785011075692211e+03  4.218323704009348e+05
3.610000000000030e-09 -4.774437862589346e+03  5.125708406637296e+03  4.220076444502822e+05
3.620000000000030e-09 -3.584089372801717e+03  3.560458422392960e+03  4.220952181335430e+05
3.630000000000030e-09 -2.273203354243405e+03  4.130339169447986e+03  4.218681410317086e+05
3.640000000000030e-09 -2.983791433440131e+03  4.713697691104269e+03  4.215439725269796e+05
3.650000000000030e-09 -3.442501379778450e+03  4.659152417545537e+03  4.217389395274285e+05
3.660000000000030e-09 -4.197508552545976e+03  4.464898670047785e+03  4.216053080901016e+05
3.670000000000030e-09 -3.913163094121686e+03  3.601327367269584e+03  4.216569965192631e+05
3.680000000000030e-09 -5.274779548665275e+03  4.205822660543800e+03  4.215778264945228e+05
3.690000000000030e-09 -5.594280942549000e+03  2.834371034648687e+03  4.215004771229734e+05
3.700000000000030e-09 -6.236383160919824e+03  1.360650045322750e+03  4.215024638834682e+05
3.710000000000030e-09 -4.417834252128603e+03  6.140769758073063e+02  4.216443429017356e+05
3.720000000000030e-09 -4.110599155943522e+03  5.948532093003627e+02  4.213971002143561e+05
3.730000000000030e-09 -2.492431958089033e+03  1.519474758619749e+02  4.212525067857348e+05
3.740000000000030e-09  1.708333145779743e+02  1.964961500089473e+03  4.213236195983545e+05
3.750000000000030e-09  5.056634154857112e+02  3.293437675963698e+03  4.213631384031869e+05
3.760000000000030e-09  4.512144648846840e+01  5.540426504572422e+03  4.213369916184358e+05
3.770000000000030e-09 -1.834346387358122e+03  7.450937267604871e+03  4.213374127919564e+05
3.780000000000030e-09 -3.173307258948101e+03  7.487262220438178e+03  4.214390117781879e+05
3.790000000000030e-09 -4.810235825002835e+03  7.478401190649703e+03  4.219085246911753e+05
3.800000000000030e-09 -6.685665046722321e+03  6.204038978369557e+03  4.218791164873203e+05
3.810000000000030e-09 -7.156526353929518e+03  4.330956496937181e+03  4.221318292121483e+05
3.820000000000030e-09 -6.462648869917517e+03  1.737382081978104e+03  4.220711739666876e+05
3.830000000000030e-09 -5.492671414917480e+03  5.572049087610444e+02  4.219360511464975e+05
3.840000000000020e-09 -3.523258321113002e+03 -3.034174035305825e+02  4.213570217441220e+05
3.850000000000020e-09 -2.018208187693327e+03 -4.165634348104756e+02  4.214414802417983e+05
3.860000000000020e-09 -3.761181480408422e+02  1.104874193104810e+03  4.215250694912863e+05
3.870000000000020e-09  3.243636505792725e+02  4.348372147723640e+03  4.215205248256580e+05
3.880000000000020e-09 -9.578525166338716e+02  6.439287002796765e+03  4.215389972827435e+05
3.890000000000020e-09 -4.293386082993890e+03  6.933947595920617e+03  4.216717997529248e+05
3.900000000000020e-09 -6.031741244677066e+03  5.783387211340601e+03  4.219512145525090e+05
3.910000000000020e-09 -7.713214733931865e+03  2.701067061995387e+03  4.219601218025634e+05
3.920000000000020e-09 -6.847922695500192e+03  1.347300270988376e+03  4.217788741485854e+05
3.930000000000020e-09 -5.828559674441894e+03  3.615123710484235e+02  4.216828879121244e+05
3.940000000000020e-09 -4.039651903577086e+03 -5.569270519260625e+02  4.212428691873168e+05
3.950000000000020e-09 -2.168262385900277e+03 -8.314709322484671e+01  4.209992553885719e+05
3.960000000000020e-09 -1.376644547481652e+03  3.525229554687705e+02  4.206688382641932e+05
3.970000000000020e-09 -6.176879536973239e+02  1.244183722030460e+03  4.203828785319355e+05
3.980000000000020e-09 -1.552542378712194e+02  2.552433247479768e+03  4.204630193694897e+05
3.990000000000020e-09 -1.138928472414721e+02  3.631710677467881e+03  4.208108455222716e+05
4.000000000000020e-09 -2.882274511530135e+02  5.150914944131163e+03  4.209592584264962e+05
4.010000000000020e-09 -7.804546229565416e+02  6.388433552966710e+03  4.216961042794351e+05
4.020000000000020e-09 -2.499664290870274e+03  7.324418925503837e+03  4.220430199741765e+05
4.030000000000020e-09 -3.764349734191158e+03  7.093317249054878e+03  4.223089772307908e+05
4.040000000000020e-09 -5.533163162042918e+03  7.178003425194355e+03  4.221209811500043e+05
4.050000000000020e-09 -6.563143819788097e+03  6.374781674271192e+03  4.220711235234675e+05
4.060000000000020e-09 -6.746155583187216e+03  4.365425682082431e+03  4.216138469552731e+05
4.070000000000020e-09 -4.639961055943197e+03  3.249235869870408e+03  4.217639004391700e+05
4.080000000000020e-09 -2.561300123598769e+03  3.736351633799086e+03  4.218361774126979e+05
4.090000000000020e-09 -2.095949427916766e+03  4.513055270936925e+03  4.219709872381163e+05
4.100000000000020e-09 -2.690847457964489e+03  5.475760685433230e+03  4.220606955311098e+05
4.110000000000020e-09 -3.741773204497682e+03  5.714459350319794e+03  4.221341421390115e+05
4.120000000000020e-09 -4.303159715963828e+03  5.923705271854644e+03  4.218482628467474e+05
4.130000000000020e-09 -4.672957303648617e+03  5.629754867783960e+03  4.221870358788270e+05
4.140000000000020e-09 -4.902029820219755e+03  5.629478872717887e+03  4.219990348095269e+05
4.150000000000020e-09 -6.028477556985297e+03  4.243756960000693e+03  4.220446114132948e+05
4.160000000000020e-09 -6.172710732442113e+03  3.076632700867926e+03  4.215990287330207e+05
4.170000000000020e-09 -5.916861415514284e+03  1.511447864256940e+03  4.215232842634629e+05
4.180000000000020e-09 -5.239391205473762e+03  1.409985872529869e+03  4.213126473265483e+05
4.190000000000020e-09 -5.104429721362309e+03  1.121575643385373e+03  4.209909979272449e+05
4.200000000000020e-09 -3.796902315730347e+03  2.511032614063223e+03  4.211992704682476e+05
4.210000000000020e-09 -4.940397480356515e+03  3.668063655863129e+03  4.209844108339846e+05
4.220000000000020e-09 -5.345683358926187e+03  4.283335693745486e+03  4.210530028492383e+05
4.230000000000020e-09 -5.134544501408732e+03  3.995533091287714e+03  4.217818911866525e+05
4.240000000000020e-09 -5.361697105483791e+03  3.697843089364907e+03  4.217455279558214e+05
4.250000000000010e-09 -6.467817118928750e+03  2.924788007901489e+03  4.220275144961434e+05
4.260000000000010e-09 -5.128825147703929e+03  1.575395182694348e+03  4.219748497163606e+05
4.270000000000010e-09 -4.231883432256458e+03  2.025051751674299e+03  4.221777948862175e+05
4.280000000000010e-09 -3.168227798638067e+03  1.589226387424834e+03  4.221178839090327e+05
4.290000000000010e-09 -2.017606973343414e+03  2.076693426317953e+03  4.221004599141991e+05
4.300000000000010e-09 -1.548197315153005e+03  2.992926878410239e+03  4.224338143587194e+05
4.310000000000010e-09 -1.502301827108327e+03  4.441959024966783e+03  4.220704713088279e+05
4.320000000000010e-09 -9.480164955339494e+02  4.692445906671117e+03  4.219573619190534e+05
4.330000000000010e-09 -2.599038585219469e+03  5.426437356326405e+03  4.215790414949739e+05
4.340000000000010e-09 -2.482127598556398e+03  4.806656479476351e+03  4.210285410511435e+05
4.350000000000010e-09 -3.402644358055631e+03  4.806672722779967e+03  4.209774577716570e+05
4.360000000000010e-09 -3.458695608642925e+03  3.289740377890906e+03  4.212745352303784e+05
4.370000000000010e-09 -3.184994473570779e+03  1.861063873987787e+03  4.216529491868096e+05
4.380000000000010e-09 -2.399596585282435e+03  2.050434768941728e+03  4.219279322765432e+05
4.390000000000010e-09 -2.531623892672378e+03  2.449856501671397e+03  4.222015594114383e+05
4.400000000000010e-09 -1.734768608008346e+03  3.389092117815380e+03  4.220442501847881e+05
4.410000000000010e-09 -2.096470615026072e+03  5.013361795449024e+03  4.221294081788203e+05
4.420000000000010e-09 -3.399250740997400e+03  5.428163831375027e+03  4.219735549222758e+05
4.430000000000010e-09 -4.007055527437589e+03  5.080544560127851e+03  4.216901046992412e+05
4.440000000000010e-09 -4.749579968115683e+03  4.754238050328299e+03  4.215321163512407e+05
4.450000000000010e-09 -5.271113061376757e+03  3.748438453418931e+03  4.216463063836076e+05
4.460000000000010e-09 -5.698525044182360e+03  2.120495819500748e+03  4.213529749499606e+05
4.470000000000010e-09 -3.826800778288743e+03  1.969463098024629e+03  4.210064011077667e+05
4.480000000000010e-09 -3.077502540697280e+03  1.886009901072506e+03  4.208633979191940e+05
4.490000000000010e-09 -2.830957250684136e+03  1.922689017845459e+03  4.208382929966800e+05
4.500000000000010e-09 -2.128483843093966e+03  2.364016615491666e+03  4.208139603340806e+05
4.510000000000010e-09 -1.893538390686381e+03  4.167951267717424e+03  4.207420853424651e+05
4.520000000000010e-09 -2.185778709236051e+03  3.947343553909414e+03  4.215178224059606e+05
4.530000000000010e-09 -3.388450951262436e+03  4.768747640611326e+03  4.217302208986716e+05
4.540000000000010e-09 -4.747057757191018e+03  4.684516632646483e+03  4.218085015178593e+05
4.550000000000010e-09 -6.028740377532345e+03  3.936411318961586e+03  4.218042337816663e+05
4.560000000000010e-09 -6.816928462475253e+03  2.324946515609513e+03  4.215743402992444e+05
4.570000000000010e-09 -5.676139514005893e+03  4.132813366285267e+02  4.214661635043773e+05
4.580000000000010e-09 -3.563637225768433e+03 -6.645833983851951e+01  4.215189010008189e+05
4.590000000000010e-09 -1.629713715931414e+03  2.215048520002842e+03  4.215327498163836e+05
4.600000000000010e-09 -2.037422427250071e+03  4.369205419142042e+03  4.214423168199148e+05
4.610000000000010e-09 -3.516990655010704e+03  5.808389772160440e+03  4.215051936211227e+05
4.620000000000010e-09 -4.821509851384743e+03  6.500459118209326e+03  4.217524455949598e+05
4.630000000000010e-09 -6.823562039385784e+03  4.755723716562275e+03  4.216282681681855e+05
4.640000000000010e-09 -6.948430776015333e+03  2.751884764823149e+03  4.214582360270342e+05
4.650000000000010e-09 -5.983533650286596e+03  8.149150872113756e+02  4.211328535210773e+05
4.660000000000010e-09 -3.556192586166462e+03  1.104545993816268e+03  4.207710082592595e+05
4.670000000000000e-09 -1.777481142802386e+03  2.179598882992338e+03  4.209785965755201e+05
4.680000000000000e-09 -2.063929898350361e+03  2.024045657274514e+03  4.212504903962966e+05
4.690000000000000e-09 -1.900923592534243e+03  2.871920850134449e+03  4.211576340370661e+05
4.700000000000000e-09 -1.657288786100670e+03  2.590093755939046e+03  4.209778877720182e+05
4.710000000000000e-09 -1.473506209262968e+03  3.740797747904480e+03  4.208414413731853e+05
4.720000000000000e-09 -1.993459855704936e+03  4.783283782255049e+03  4.206751453686111e+05
4.730000000000000e-09 -2.781023178678417e+03  3.875754963385411e+03  4.206984617559765e+05
4.740000000000000e-09 -3.077660818266119e+03  4.231785819044601e+03  4.216425958153121e+05
4.750000000000000e-09 -3.382449119497800e+03  3.003595068709340e+03  4.219592692606057e+05
4.760000000000000e-09 -3.942770282921732e+03  3.392870465435856e+03  4.220950813349349e+05
4.770000000000000e-09 -3.381824960875521e+03  1.881720128170012e+03  4.223326205417871e+05
4.780000000000000e-09 -2.672619682954000e+03  2.094992580986950e+03  4.225587679445126e+05
4.790000000000000e-09 -2.491736323155605e+03  2.038940240366209e+03  4.228237331350073e+05
4.800000000000000e-09 -2.479988183643762e+03  1.962099227555896e+03  4.226590181233593e+05
4.810000000000000e-09 -2.172015726856882e+03  1.965848784551006e+03  4.222334738244363e+05
4.820000000000000e-09 -2.433763099568735e+03  2.500227447800261e+03  4.218789245374547e+05
4.830000000000000e-09 -2.960019825891397e+03  2.628204726124278e+03  4.219354910540911e+05
4.840000000000000e-09 -1.987484175298847e+03  3.136600328823212e+03  4.217247279721941e+05
4.850000000000000e-09 -2.049845979618654e+03  5.218026990740731e+03  4.213414163529587e+05
4.860000000000000e-09 -1.721560885373027e+03  6.017339063366545e+03  4.212647446155070e+05
4.870000000000000e-09 -2.074984756481188e+03  7.764932858419246e+03  4.210110411832188e+05
4.880000000000000e-09 -4.352338458847762e+03  7.749008524328959e+03  4.212057954847711e+05
4.890000000000000e-09 -6.118494132481229e+03  7.740101778678054e+03  4.211014352207662e+05
4.900000000000000e-09 -6.618604390132068e+03  8.615201117134427e+03  4.213188406966659e+05
4.910000000000000e-09 -7.848888338587018e+03  7.406622654198602e+03  4.216763033576436e+05
4.920000000000000e-09 -9.668249241273043e+03  6.466206581761732e+03  4.217809781597758e+05
4.930000000000000e-09 -1.025508256635019e+04  4.186143403335841e+03  4.217467731014074e+05
4.940000000000000e-09 -1.091244669829503e+04  1.998917885154095e+03  4.218620401840182e+05
4.950000000000000e-09 -9.050596975721788e+03 -6.736496750189564e+02  4.215502570845223e+05
4.960000000000000e-09 -6.956264446695162e+03 -2.391207420762114e+03  4.218776337228268e+05
4.970000000000000e-09 -4.740958532306789e+03 -2.816575410241629e+03  4.216338010537853e+05
4.980000000000000e-09 -2.115966333180235e+03 -4.347268719579458e+03  4.210646137943739e+05
4.990000000000000e-09  2.056625373803613e+03 -3.170844274457505e+03  4.203738343668568e+05
5.000000000000000e-09  4.171182851915216e+03  4.032687962922870e+02  4.204529866939757e+05
5.010000000000000e-09  4.694029513934383e+03  3.895807530577480e+03  4.206575524932561e+05
5.020000000000000e-09  3.781634937077458e+03  7.346904869693170e+03  4.204443076819106e+05
5.030000000000000e-09  6.171743799707097e+02  9.421707533274544e+03  4.204350502251926e+05
5.040000000000000e-09 -2.935618833061837e+03  1.032508740063337e+04  4.206880680368079e+05
5.050000000000000e-09 -6.447886081972854e+03  8.952722942148048e+03  4.208749517927651e+05
5.060000000000000e-09 -7.449602326395743e+03  5.497894808878270e+03  4.215031876046503e+05
5.070000000000000e-09 -7.105648284705292e+03  2.524243020726559e+03  4.218787183790558e+05
5.079999999999990e-09 -4.306989815301991e+03  1.497583668067454e+03  4.218509177719110e+05
5.089999999999990e-09 -2.083834346922507e+03  1.724216354775140e+03  4.220504003534482e+05
5.099999999999990e-09 -9.854858727246086e+02  2.682106936347584e+03  4.216634804286812e+05
5.109999999999990e-09  1.146764862026910e+02  4.209842464072038e+03  4.214006560088931e+05
5.119999999999990e-09 -7.887004199864780e+02  5.619767760738973e+03  4.211705459565912e+05
5.129999999999990e-09 -1.737033439903280e+03  5.574114458165895e+03  4.211057635742932e+05
5.139999999999990e-09 -2.365791873195453e+03  6.449387478891931e+03  4.207645823668828e+05
5.149999999999990e-09 -2.875788390751529e+03  7.908812153106185e+03  4.206203259677748e+05
5.159999999999990e-09 -5.141035137846327e+03  6.908015066255331e+03  4.208136232564377e+05
5.169999999999990e-09 -7.140117394392666e+03  5.151763279292702e+03  4.207231080863948e+05
5.179999999999990e-09 -5.780830299702267e+03  3.174664773694019e+03  4.205516115903161e+05
5.189999999999990e-09 -4.342748591139173e+03  2.386582299298383e+03  4.206132472839278e+05
5.199999999999990e-09 -3.715617825876425e+03  2.071234145693195e+03  4.209664756962303e+05
5.209999999999990e-09 -2.518904982225888e+03  3.340701308216101e+03  4.212788060977318e+05
5.219999999999990e-09 -1.542739764836994e+03  5.033346277506260e+03  4.213314310843912e+05
5.229999999999990e-09 -3.444778851664908e+03  5.982465728112523e+03  4.213775326328109e+05
5.239999999999990e-09 -5.576380481811658e+03  5.872195496098525e+03  4.208622797711723e+05
5.249999999999990e-09 -7.170515261250140e+03  5.115998571706453e+03  4.212055530595456e+05
5.259999999999990e-09 -7.893828830339196e+03  4.086632927750865e+03  4.213386077169459e+05
5.269999999999990e-09 -7.800937471636154e+03  1.363378691828256e+03  4.214637240667638e+05
5.279999999999990e-09 -6.762474338796192e+03 -3.297624193861655e+01  4.216791193520448e+05
5.289999999999990e-09 -4.670584086428388e+03 -1.679500265071794e+03  4.218936075973616e+05
5.299999999999990e-09 -2.505630569180607e+03 -2.312519701568854e+03  4.218968001575148e+05
5.309999999999990e-09 -1.150628284125628e+03 -5.775664360373767e+02  4.216181927965753e+05
5.319999999999990e-09 -1.280429544070364e+03  2.385256915532333e+02  4.214070711863520e+05
5.329999999999990e-09 -5.446433588268169e+02  3.151572925512143e+02  4.214304220102374e+05
5.339999999999990e-09 -1.141055977371225e+03  1.323250487377544e+03  4.210560289862806e+05
5.349999999999990e-09 -1.102982527854787e+03  1.369909282302573e+03  4.205416978198641e+05
5.359999999999990e-09 -2.650841088841396e+03  7.029153519346735e+02  4.207022291420657e+05
5.369999999999990e-09 -1.666903416674128e+03  1.293491467660858e+02  4.207242889454861e+05
5.379999999999990e-09  6.810833243313317e+01  6.360739241472165e+02  4.210073739894113e+05
5.389999999999990e-09  2.038562700711765e+03  2.408677257033079e+03  4.207195763460471e+05
5.399999999999990e-09  1.280592312480456e+03  4.997271409449088e+03  4.210894318387378e+05
5.409999999999990e-09  1.419960388404496e+03  6.450990165343135e+03  4.208918602411370e+05
5.419999999999990e-09 -2.387997859797521e+02  8.454506413684341e+03  4.208619942358411e+05
5.429999999999990e-09 -1.862408628118520e+03  9.080228223880797e+03  4.208783106265282e+05
5.439999999999990e-09 -4.307918048035420e+03  8.839274976652427e+03  4.210115263717867e+05
5.449999999999990e-09 -6.577897438820766e+03  7.322312430029860e+03  4.211749971931734e+05
5.459999999999990e-09 -8.273515530903396e+03  6.160251254245034e+03  4.213145069209801e+05
5.469999999999990e-09 -7.925791307107349e+03  3.969998348927166e+03  4.222908248098351e+05
5.479999999999990e-09 -7.308728919176523e+03  2.502843530823146e+03  4.228086070470704e+05
5.489999999999980e-09 -7.158188631938564e+03  1.348165200536957e+03  4.231483753341151e+05
5.499999999999980e-09 -6.127722885005789e+03 -1.141346922403988e+03  4.229971017895477e+05
5.509999999999980e-09 -4.227547651621933e+03 -1.766239225100534e+03  4.223631362728551e+05
5.519999999999980e-09 -2.031833967530815e+03 -1.052966964636679e+03  4.219406857131947e+05
5.529999999999980e-09 -7.129643432248834e+02 -5.694496534033484e+02  4.211823094582536e+05
5.539999999999980e-09  8.305763706750505e+02  1.720978793701190e+02  4.209159981966587e+05
5.549999999999980e-09  1.656644727354356e+03  1.479938300071648e+03  4.209417922131034e+05
5.559999999999980e-09  2.612675217914048e+02  3.558403418635335e+03  4.206817060835285e+05
5.569999999999980e-09 -5.524886628256949e+02  4.212882746632121e+03  4.209363154860872e+05
5.579999999999980e-09 -5.503884735474794e+02  4.672781764667261e+03  4.208955505290561e+05
5.589999999999980e-09 -3.442957206239669e+02  4.349866598321279e+03  4.213000051057051e+05
5.599999999999980e-09  5.631410890014815e+02  5.113613109251906e+03  4.220079742586231e+05
5.609999999999980e-09 -4.682093795042023e+02  6.195649075363925e+03  4.220929526514548e+05
5.619999999999980e-09 -1.746795563353804e+03  6.852160953831607e+03  4.221876100418859e+05
5.629999999999980e-09 -3.645703711355388e+03  6.746791122327617e+03  4.217318757019779e+05
5.639999999999980e-09 -3.873302690176197e+03  6.557373392818085e+03  4.219486811367275e+05
5.649999999999980e-09 -4.241729983027911e+03  5.430919682518867e+03  4.216170608422808e+05
5.659999999999980e-09 -4.026097858492221e+03  4.344962457209324e+03  4.217292955692201e+05
5.669999999999980e-09 -4.232339090420677e+03  4.775996692383209e+03  4.214385700126427e+05
5.679999999999980e-09 -5.784047055993681e+03  5.344466248988956e+03  4.210643797803784e+05
5.689999999999980e-09 -6.287757249827148e+03  2.372857530389044e+03  4.209960150874218e+05
5.699999999999980e-09 -6.066333595328764e+03  1.023835450122431e+03  4.208239642067257e+05
5.709999999999980e-09 -4.659363957564962e+03 -4.117633879447110e+02  4.207340304217885e+05
5.719999999999980e-09 -2.231779625772135e+03 -2.095544944904587e+02  4.207823415777492e+05
5.729999999999980e-09 -5.760397527073951e+02  6.221732129489667e+02  4.211036406440177e+05
5.739999999999980e-09  8.326204910896811e+02  3.022247751553506e+03  4.215213445679686e+05
5.749999999999980e-09 -3.088619213257810e+02  5.861539490041519e+03  4.213063357541730e+05
5.759999999999980e-09 -3.423701729750544e+03  7.040739529288197e+03  4.217751305487300e+05
5.769999999999980e-09 -5.417473396744696e+03  7.204292597301030e+03  4.213352620125564e+05
5.779999999999980e-09 -7.777557072508743e+03  6.122447034527533e+03  4.212762391435781e+05
5.789999999999980e-09 -7.951195773303102e+03  4.792279905109125e+03  4.211226294192406e+05
5.799999999999980e-09 -8.419204570308304e+03  3.440439962022972e+03  4.211099348949392e+05
5.809999999999980e-09 -8.260205229880836e+03  2.179665055003818e+03  4.211958961822498e+05
5.819999999999980e-09 -7.545112733165723e+03  5.750012993187636e+02  4.212168803793965e+05
5.829999999999980e-09 -5.644738851076032e+03 -2.225547566366558e+01  4.212289293398914e+05
5.839999999999980e-09 -3.598799280045857e+03  1.146200147393082e+03  4.212108393577796e+05
5.849999999999980e-09 -2.923572217898290e+03  1.190092012627702e+03  4.211202944603221e+05
5.859999999999980e-09 -9.271513371453366e+02  1.494422881673502e+03  4.213972236855784e+05
5.869999999999980e-09  2.527449321896755e+02  2.925132465505616e+03  4.219673816953336e+05
5.879999999999980e-09  8.820216562437936e+02  3.319800176793948e+03  4.225544754784370e+05
5.889999999999980e-09 -2.540695218272239e+02  4.183925673170210e+03  4.226421948358511e+05
5.899999999999980e-09 -1.658352175774831e+03  5.493565144802250e+03  4.227317339117129e+05
5.909999999999970e-09 -2.050701442583201e+03  5.531377259580792e+03  4.221244390029176e+05
5.919999999999970e-09 -2.724481038310742e+03  5.269769110399570e+03  4.215069101391214e+05
5.929999999999970e-09 -3.395242261148228e+03  5.685389027894056e+03  4.208759703589186e+05
5.939999999999970e-09 -3.786796779909807e+03  4.852288790103706e+03  4.205463968672271e+05
5.949999999999970e-09 -4.226388264145215e+03  4.861770010421804e+03  4.203006200281031e+05
5.959999999999970e-09 -4.012927996220611e+03  3.302783191251492e+03  4.204158818188022e+05
5.969999999999970e-09 -5.059132543669261e+03  3.460080816854580e+03  4.204639075426962e+05
5.979999999999970e-09 -4.939114394846256e+03  1.446311794801852e+03  4.205614747122986e+05
5.989999999999970e-09 -3.800276875179668e+03  8.262548112049295e+02  4.206129625904413e+05
5.999999999999970e-09 -2.552439984467588e+03  1.804852219419708e+03  4.209596889450602e+05
6.009999999999970e-09 -1.420818538732435e+03  2.944224137081276e+03  4.213532080287008e+05
6.019999999999970e-09 -1.436439582497198e+03  3.653988502527439e+03  4.213917345510942e+05
6.029999999999970e-09 -1.650732039164086e+03  4.970530790508609e+03  4.216915913643643e+05
6.039999999999970e-09 -2.153657014148474e+03  7.074315833540074e+03  4.216765626264268e+05
6.049999999999970e-09 -3.613221876970466e+03  8.192559271770908e+03  4.215103826119562e+05
6.059999999999970e-09 -4.731746417941038e+03  8.557792986377892e+03  4.215898294972631e+05
6.069999999999970e-09 -7.957050693620944e+03  6.795596937634513e+03  4.215475495616939e+05
6.079999999999970e-09 -9.234633496727280e+03  6.024067606138792e+03  4.212560981952376e+05
6.089999999999970e-09 -8.861221280813692e+03  4.337275572894237e+03  4.214414286708079e+05
6.099999999999970e-09 -8.523153510551763e+03  4.189747055919285e+03  4.214969701424117e+05
6.109999999999970e-09 -8.403503584504710e+03  2.622427949759410e+03  4.215001571570895e+05
6.119999999999970e-09 -7.773299672307355e+03  2.181498983849758e+03  4.216840425823857e+05
6.129999999999970e-09 -6.657150896318262e+03  9.667399727509925e+02  4.220309735246769e+05
6.139999999999970e-09 -4.091495873494853e+03  5.450823081933880e+02  4.219342430431100e+05
6.149999999999970e-09 -2.814085961465289e+03  8.007777732132241e+02  4.217102220784085e+05
6.159999999999970e-09 -1.723787909809882e+03  1.198179289061609e+03  4.212903036707640e+05
6.169999999999970e-09 -6.552611541721781e+02  1.552185778749515e+03  4.208195476877487e+05
6.179999999999970e-09 -3.239919373214991e+02  1.654298181861187e+03  4.203433208836065e+05
6.189999999999970e-09 -3.680864800900580e+02  3.470322978550149e+03  4.199646871560774e+05
6.199999999999970e-09 -1.017514574504698e+03  3.307897749686255e+03  4.197562184909477e+05
6.209999999999970e-09 -8.009709165681893e+02  3.624720856371792e+03  4.194874299239106e+05
6.219999999999970e-09 -1.258177782749990e+03  4.247835345086919e+03  4.198619839561103e+05
6.229999999999970e-09 -7.348527806514388e+02  4.401159582188355e+03  4.204826143507707e+05
6.239999999999970e-09 -1.653759416280034e+03  4.747585943088822e+03  4.212674626373869e+05
6.249999999999970e-09 -3.243058958043911e+03  5.783434799479222e+03  4.218045787389281e+05
6.259999999999970e-09 -4.316306482539138e+03  4.507534543144806e+03  4.221325528643383e+05
6.269999999999970e-09 -5.037737579149598e+03  3.556453359757032e+03  4.223195168873236e+05
6.279999999999970e-09 -4.241984714220281e+03  2.894787121752172e+03  4.220545509579913e+05
6.289999999999970e-09 -3.570181882241340e+03  3.067730712045462e+03  4.218505055795860e+05
6.299999999999970e-09 -3.681081252945863e+03  4.299759158268319e+03  4.215211382654665e+05
6.309999999999970e-09 -4.922811833758667e+03  5.225769682542349e+03  4.215317470478116e+05
6.319999999999960e-09 -5.382393770037861e+03  5.187584595704931e+03  4.209497511944142e+05
6.329999999999960e-09 -5.499891408807620e+03  5.163168962713305e+03  4.209189949362100e+05
6.339999999999960e-09 -6.157947069286752e+03  3.623936162019981e+03  4.205351720227553e+05
6.349999999999960e-09 -5.688023003621638e+03  2.330978478043846e+03  4.201932505051579e+05
6.359999999999960e-09 -4.079103196692770e+03  1.657257469754213e+03  4.198697231424638e+05
6.369999999999960e-09 -2.604216457962760e+03  2.158815433106206e+03  4.198599473373074e+05
6.379999999999960e-09 -2.643678073553418e+03  3.342125154402715e+03  4.198508763048729e+05
6.389999999999960e-09 -3.102462219378939e+03  3.666674504406444e+03  4.205625000843855e+05
6.399999999999960e-09 -2.171154805595796e+03  1.931906597080822e+03  4.207912172090011e+05
6.409999999999960e-09 -8.581358660942545e+02  1.522378276744375e+03  4.214552484652550e+05
6.419999999999960e-09 -1.422126742289744e+03  2.843807160803811e+03  4.217901228021416e+05
6.429999999999960e-09 -2.025236472680420e+03  3.829873877544335e+03  4.222012788661802e+05
6.439999999999960e-09 -2.245753492090293e+03  4.001950852086244e+03  4.220600939979713e+05
6.449999999999960e-09 -2.629633693281226e+03  3.553144594356853e+03  4.222309396943512e+05
6.459999999999960e-09 -3.161500782034224e+03  4.452645658984197e+03  4.219959561780583e+05
6.469999999999960e-09 -3.315686354837070e+03  4.975558964636576e+03  4.216487800783310e+05
6.479999999999960e-09 -5.151720191023694e+03  4.722284761620536e+03  4.213242360752890e+05
6.489999999999960e-09 -5.612592476917376e+03  3.498242624353634e+03  4.216724036455600e+05
6.499999999999960e-09 -5.381339365666106e+03  2.759169748968964e+03  4.214689988945460e+05
6.509999999999960e-09 -5.294802215107112e+03  1.348027678018957e+03  4.215655728608226e+05
6.519999999999960e-09 -4.352194830080098e+03  1.127958320739303e+03  4.216588409262660e+05
6.529999999999960e-09 -3.669142586901472e+03  7.057658891747403e+02  4.214377185010663e+05
6.539999999999960e-09 -2.129966354897335e+03  1.009910204970630e+03  4.214466827402125e+05
6.549999999999960e-09 -2.252554799880468e+03  1.871144776277627e+03  4.210225787394912e+05
6.559999999999960e-09 -1.705786025167506e+03  1.740375323345103e+03  4.208343613827116e+05
6.569999999999960e-09 -2.264965681403384e+03  2.646191630168638e+03  4.207226017017234e+05
6.579999999999960e-09 -3.087429732822847e+03  1.656774812666090e+03  4.207811386500018e+05
6.589999999999960e-09 -1.675565963916505e+03  1.897188031535934e+03  4.210137558934442e+05
6.599999999999960e-09 -1.305313187983798e+03  3.304742011507273e+03  4.209732585444460e+05
6.609999999999960e-09 -1.325478999872636e+03  3.607270975115249e+03  4.215603773957934e+05
6.619999999999960e-09 -1.460523986979388e+03  4.692176799848265e+03  4.219478080018662e+05
6.629999999999960e-09 -2.917837458700171e+03  5.618109969163923e+03  4.223535165436487e+05
6.639999999999960e-09 -4.148806214357460e+03  5.271269501609962e+03  4.224830059468979e+05
6.649999999999960e-09 -5.033556070224695e+03  3.051808827529903e+03  4.227083549448470e+05
6.659999999999960e-09 -4.720857417179417e+03  1.956793463440265e+03  4.224637956032013e+05
6.669999999999960e-09 -3.603998470038493e+03  1.057262499638477e+03  4.218956712019190e+05
6.679999999999960e-09 -2.716325254790081e+03  5.026284193144815e+02  4.215925307864557e+05
6.689999999999960e-09 -1.193193313283351e+03  9.221039190210582e+02  4.217669653480079e+05
6.699999999999960e-09 -7.469550949829254e+02  2.476620057214951e+03  4.221528901025236e+05
6.709999999999960e-09  3.209482476909479e+02  3.687369038152216e+03  4.221839667806549e+05
6.719999999999960e-09  5.131414487786334e+01  5.662371589436370e+03  4.220449136830013e+05
6.729999999999960e-09 -2.792462853522382e+03  6.622563145334741e+03  4.222064796925256e+05
6.739999999999950e-09 -4.004418824223165e+03  6.244872423714679e+03  4.223647428471184e+05
6.749999999999950e-09 -5.054222606066221e+03  5.226318577147503e+03  4.221089991836904e+05
6.759999999999950e-09 -5.204348330512366e+03  4.750352517041691e+03  4.219754396153528e+05
6.769999999999950e-09 -6.151942138429697e+03  4.451619965714045e+03  4.218706997101312e+05
6.779999999999950e-09 -5.215747227515218e+03  2.571043670094185e+03  4.219290910582600e+05
6.789999999999950e-09 -3.663969175980099e+03  1.704868502140139e+03  4.217728800376678e+05
6.799999999999950e-09 -1.647076098674412e+03  3.070740958757794e+03  4.219652876180676e+05
6.809999999999950e-09 -5.831257666714819e+02  4.725747572888706e+03  4.221501189037457e+05
6.819999999999950e-09 -2.482886799609371e+03  5.047295934843269e+03  4.222481042699341e+05
6.829999999999950e-09 -4.486335134568659e+03  4.922584951640913e+03  4.220528647808724e+05
6.839999999999950e-09 -5.173760959493035e+03  5.082805885644051e+03  4.216544380281397e+05
6.849999999999950e-09 -5.481469850160928e+03  3.957523679850501e+03  4.217256145085841e+05
6.859999999999950e-09 -5.231838406954215e+03  2.649525663102694e+03  4.217649085472547e+05
6.869999999999950e-09 -4.314325241078112e+03  1.494367423862288e+03  4.213019636952943e+05
6.879999999999950e-09 -2.574646312292320e+03  1.712062759420522e+02  4.214118823714532e+05
6.889999999999950e-09 -5.337318061407839e+02  1.018224838899805e+03  4.216724606840383e+05
6.899999999999950e-09  9.439074203982561e+02  1.949098494684620e+03  4.215841034225668e+05
6.909999999999950e-09  1.560856149917723e+03  5.076190361044577e+03  4.211569437700568e+05
6.919999999999950e-09  5.295103065457780e+02  6.897692076009269e+03  4.210789438343050e+05
6.929999999999950e-09 -3.082088213031626e+02  8.017777709569855e+03  4.210445109254764e+05
6.939999999999950e-09 -2.342794882244965e+03  7.887645039329155e+03  4.213684972484043e+05
6.949999999999950e-09 -4.048316019908019e+03  6.634440544557213e+03  4.217183519370856e+05
6.959999999999950e-09 -5.767745981637935e+03  6.026927193842717e+03  4.214435380934566e+05
6.969999999999950e-09 -8.039915809093163e+03  4.573354040058813e+03  4.215431364039403e+05
6.979999999999950e-09 -9.060377161082244e+03  3.033413231529344e+03  4.215873129489314e+05
6.989999999999950e-09 -8.426898401138622e+03  1.132445124209167e+03  4.218210711388817e+05
6.999999999999950e-09 -6.554925652301828e+03 -5.672775087185705e+02  4.217768302533319e+05
7.009999999999950e-09 -5.630179351559929e+03 -1.897691774301955e+02  4.219854436594307e+05
7.019999999999950e-09 -3.799885344744390e+03 -1.407784972561610e+02  4.218782276624801e+05
7.029999999999950e-09 -2.936461809031242e+03  8.500460456279768e+02  4.216896405747391e+05
7.039999999999950e-09 -3.025873209828268e+03  1.904567322141709e+03  4.214687542394641e+05
7.049999999999950e-09 -2.726141645586023e+03  3.182742977887491e+03  4.209243430522449e+05
7.059999999999950e-09 -3.290035831130654e+03  3.332794866917747e+03  4.210792974836837e+05
7.069999999999950e-09 -3.898257205296069e+03  3.933197425158427e+03  4.209969227160037e+05
7.079999999999950e-09 -4.880886987978174e+03  3.769098855638744e+03  4.213391336963494e+05
7.089999999999950e-09 -6.077006889342238e+03  2.945991313572520e+03  4.215725078029640e+05
7.099999999999950e-09 -5.245016027108888e+03  9.622220373960381e+02  4.221170851115752e+05
7.109999999999950e-09 -3.963968953721492e+03  1.085156908353960e+02  4.224323440941232e+05
7.119999999999950e-09 -2.210549862430584e+03 -4.628036380507925e+02  4.225912128056636e+05
7.129999999999950e-09 -1.062796430506267e+03 -1.055938571032125e+02  4.227043790324286e+05
7.139999999999950e-09 -3.709252963798631e+02  1.481397846239636e+03  4.226363749741391e+05
7.149999999999940e-09  8.631647427738055e+02  3.084816178163194e+03  4.220452476328794e+05
7.159999999999940e-09  1.086998320220479e+03  4.909074083183262e+03  4.217085960387646e+05
7.169999999999940e-09  6.554488188717352e+02  7.312677113852231e+03  4.212407764882139e+05
7.179999999999940e-09 -5.481045386338125e+02  9.647746442086802e+03  4.207833098515074e+05
7.189999999999940e-09 -3.116675779185021e+03  1.026535256740731e+04  4.206089855808850e+05
7.199999999999940e-09 -4.761571924124851e+03  8.682254881949111e+03  4.208549797180716e+05
7.209999999999940e-09 -5.618514047917338e+03  7.907784360168551e+03  4.212046703432730e+05
7.219999999999940e-09 -7.020482644905434e+03  6.223137838255782e+03  4.211711089100211e+05
7.229999999999940e-09 -6.201860159699319e+03  5.066373062467953e+03  4.212700908605815e+05
7.239999999999940e-09 -6.384001331909230e+03  3.526713318450987e+03  4.214777732841408e+05
7.249999999999940e-09 -5.102480257688322e+03  3.297529920093682e+03  4.213172176460900e+05
7.259999999999940e-09 -4.870708932711482e+03  3.991537738243505e+03  4.210228151119185e+05
7.269999999999940e-09 -4.656784506974518e+03  3.741677278281370e+03  4.211256364207127e+05
7.279999999999940e-09 -5.304294264752925e+03  3.353209081716621e+03  4.216792969312979e+05
7.289999999999940e-09 -5.317526937838593e+03  2.619318235053752e+03  4.217460078549456e+05
7.299999999999940e-09 -5.826181703894410e+03  1.195780095367365e+03  4.217783503677139e+05
7.309999999999940e-09 -6.241224129322499e+03  7.165201693778110e+02  4.218557304895379e+05
7.319999999999940e-09 -5.905522402289546e+03 -1.123316761731287e+03  4.222012732795984e+05
7.329999999999940e-09 -4.355478067759125e+03 -1.264240461752750e+03  4.225732350693219e+05
7.339999999999940e-09 -2.728314280454638e+03 -1.547158767836316e+03  4.224207998265610e+05
7.349999999999940e-09 -1.512030133251475e+03 -1.844667375368548e+03  4.220710200357503e+05
7.359999999999940e-09  2.625021087795451e+02 -5.649863461914334e+02  4.216384492346283e+05
7.369999999999940e-09  1.135392101417702e+02  2.541779191730481e+02  4.216314134486886e+05
7.379999999999940e-09  3.602096001105450e+02  9.050417382353330e+02  4.217763691635072e+05
7.389999999999940e-09  5.934882717591807e+02  2.419556507494407e+03  4.219947292138147e+05
7.399999999999940e-09  1.511845050383963e+03  3.752246911200463e+03  4.217074286752477e+05
7.409999999999940e-09  1.052404853046660e+03  5.394149818032321e+03  4.216081741196219e+05
7.419999999999940e-09 -3.844615768377342e+02  7.329697560530946e+03  4.215098630594324e+05
7.429999999999940e-09 -2.179764318202900e+02  8.008137904819289e+03  4.214463631382010e+05
7.439999999999940e-09 -1.556721979876106e+03  7.903477244698205e+03  4.215353166643256e+05
7.449999999999940e-09 -3.054057056302295e+03  8.055213612550740e+03  4.211812894432682e+05
7.459999999999941e-09 -2.944465638401759e+03  9.039882082078408e+03  4.211067275567591e+05
7.469999999999940e-09 -3.985498731202183e+03  1.041256133249939e+04  4.209094779252763e+05
7.479999999999940e-09 -6.838421248178812e+03  1.075924158420615e+04  4.208617049246782e+05
7.489999999999940e-09 -8.337269755988258e+03  8.092876941237656e+03  4.208574466415297e+05
7.499999999999940e-09 -8.123076846955992e+03  4.715909924761109e+03  4.211475998604824e+05
7.509999999999940e-09 -6.735741148532156e+03  3.737511476079925e+03  4.213961775395601e+05
7.519999999999939e-09 -5.275583817109465e+03  2.812362264772385e+03  4.214990240469775e+05
7.529999999999941e-09 -4.499043486926150e+03  1.478311724786226e+03  4.217913645386235e+05
7.539999999999940e-09 -3.627979630360206e+03  5.580714645534869e+02  4.216829982629659e+05
7.549999999999940e-09 -3.356776144908074e+03  2.061781298516701e+02  4.218753002786476e+05
7.559999999999940e-09 -3.181231967893747e+03  5.197969338704965e+01  4.220273357423940e+05
7.569999999999930e-09 -3.031484984373360e+03 -2.680008866615672e+02  4.224544928083654e+05
7.579999999999930e-09 -1.964078337696460e+03  7.019537005272488e+01  4.223428793315177e+05
7.589999999999929e-09 -3.238596013415481e+03 -3.083326072901610e+02  4.225688621750774e+05
7.599999999999931e-09 -2.827531235850498e+03 -1.313091806048015e+02  4.224545000275465e+05
7.609999999999931e-09 -1.267591817211027e+03 -1.986129335661567e+02  4.223819056280360e+05
7.619999999999930e-09 -7.676992482156137e+02  2.099607056227224e+02  4.221543840627684e+05
7.629999999999930e-09  1.052276857573159e+03  4.522617175969569e+02  4.217832685160434e+05
7.639999999999930e-09  9.897359644633011e+02  2.771945378694165e+03  4.214032271297090e+05
7.649999999999930e-09  1.203709322667999e+03  3.238696564925768e+03  4.209135604068243e+05
7.659999999999929e-09  7.524962230749162e+02  4.499351375915819e+03  4.206295133865633e+05
7.669999999999931e-09  3.391605212065070e+02  6.005704381282555e+03  4.208721020430791e+05
7.679999999999930e-09 -2.038286614661042e+03  7.228359366200305e+03  4.211045796482694e+05
7.689999999999930e-09 -4.046478467534634e+03  8.489689815822921e+03  4.209621982562965e+05
7.699999999999930e-09 -5.999286176866618e+03  7.771543692202514e+03  4.210160894503462e+05
7.709999999999930e-09 -6.361236346326299e+03  6.102399341106550e+03  4.212847742539858e+05
7.719999999999930e-09 -5.824242311158313e+03  4.208593883173330e+03  4.213548483619831e+05
7.729999999999929e-09 -6.303528200402408e+03  3.658225097268465e+03  4.210461472188217e+05
7.739999999999931e-09 -4.860694011019131e+03  2.281247555652228e+03  4.209715033164747e+05
7.749999999999930e-09 -4.091822232195255e+03  2.141692507446172e+03  4.206539093547447e+05
7.759999999999930e-09 -3.219756545839609e+03  1.648111380500095e+03  4.209185004861095e+05
7.769999999999930e-09 -1.579338411473244e+03  2.288654005175994e+03  4.210847071187063e+05
7.779999999999930e-09 -1.171429505209969e+03  2.327437743644481e+03  4.211990892527643e+05
7.789999999999929e-09 -1.729666050119650e+02  2.678417240289602e+03  4.219052420952387e+05
7.799999999999929e-09 -6.210259583054755e+02  2.016344096546964e+03  4.222903468520661e+05
7.809999999999931e-09  2.546770676738179e+02  1.855572897035295e+03  4.226002638013148e+05
7.819999999999930e-09  9.719680285272104e+02  2.307732612975177e+03  4.223611794200913e+05
7.829999999999930e-09  1.741002570090939e+03  4.251868929942830e+03  4.220009838582405e+05
7.839999999999930e-09  1.155759333477853e+03  5.872928578450053e+03  4.216187157396532e+05
7.849999999999930e-09 -3.562446259510556e+02  7.734126626059235e+03  4.211379178911840e+05
7.859999999999929e-09 -1.931842400745019e+03  7.734077481784048e+03  4.209441387905867e+05
7.869999999999929e-09 -2.982081883042094e+03  7.996743400777450e+03  4.206432388265028e+05
7.879999999999931e-09 -5.292610060243485e+03  6.968105733316274e+03  4.203464717998851e+05
7.889999999999930e-09 -6.222504718403767e+03  5.271510297310723e+03  4.205975198403682e+05
7.899999999999930e-09 -6.838434689655230e+03  2.853405529706118e+03  4.211998575267263e+05
7.909999999999930e-09 -4.678210661347067e+03  5.200135387823115e+02  4.217796550204214e+05
7.919999999999930e-09 -4.148810590212047e+03  2.578512626448388e+02  4.222461687999923e+05
7.929999999999929e-09 -2.057746363900553e+03  7.484984706110687e+02  4.223941374213327e+05
7.939999999999931e-09 -5.915527398693202e+02  1.744751073371098e+03  4.222689019161477e+05
7.949999999999931e-09  8.474693988140278e+02  2.754744046020120e+03  4.217348377040584e+05
7.959999999999930e-09  7.711492159973724e+02  5.651777920285184e+03  4.217124391994239e+05
7.969999999999930e-09 -7.481972053535536e+02  7.738480098716821e+03  4.215329083362038e+05
7.979999999999920e-09 -2.565117841613113e+03  8.211298352634476e+03  4.214158408415910e+05
7.989999999999920e-09 -3.832826368836916e+03  8.356217237084591e+03  4.213625223441923e+05
7.999999999999919e-09 -5.674896769849646e+03  7.455049254739962e+03  4.216550327997910e+05
8.009999999999919e-09 -5.994029641114955e+03  6.197125602927755e+03  4.213022796975297e+05
8.019999999999921e-09 -5.053082627781225e+03  4.469333318942663e+03  4.214053689632661e+05
8.029999999999920e-09 -4.025552902857071e+03  3.455567217071551e+03  4.217944614306909e+05
8.039999999999920e-09 -2.969990857157606e+03  2.860722902528190e+03  4.219756865006190e+05
8.049999999999920e-09 -1.591463185136449e+03  2.009176824139534e+03  4.222408799182669e+05
8.059999999999920e-09 -8.874405293012047e+01  3.628044085371327e+03  4.223755990565203e+05
8.069999999999919e-09 -1.537315201716830e+03  4.228732848309307e+03  4.223953998346286e+05
8.079999999999921e-09 -2.381872422019565e+03  5.145012387219580e+03  4.223849613669628e+05
8.089999999999921e-09 -3.850776992081958e+03  4.713494758437702e+03  4.222724153985849e+05
8.099999999999920e-09 -4.028865838115174e+03  3.466694076319181e+03  4.222090044609217e+05
8.109999999999920e-09 -5.253393214688744e+03  3.267109227526423e+03  4.219450079133692e+05
8.119999999999920e-09 -5.129823051749329e+03  1.090737953493234e+03  4.216109722615770e+05
8.129999999999920e-09 -3.113820084414417e+03  4.716161151251100e+02  4.216587296564339e+05
8.139999999999919e-09 -3.002251293008823e+03 -5.268718176820793e+02  4.217458757051590e+05
8.149999999999921e-09 -4.697674084408715e+02  3.303081351051717e+02  4.217267065754348e+05
8.159999999999921e-09  1.431112133253072e+03  1.657991306036118e+03  4.220075643406261e+05
8.169999999999920e-09  1.643844012884438e+03  3.617981009276774e+03  4.217864364903964e+05
8.179999999999920e-09  1.398687317013823e+03  5.256002126974827e+03  4.216126408386088e+05
8.189999999999920e-09  1.262549567350377e+03  6.980808834620527e+03  4.216249106647860e+05
8.199999999999920e-09 -1.597714820650308e+03  8.130663266380122e+03  4.210318309378305e+05
8.209999999999919e-09 -3.595366642638710e+03  8.966633213952222e+03  4.211261689155014e+05
8.219999999999921e-09 -4.941925677500459e+03  8.505116636314917e+03  4.213408610378741e+05
8.229999999999921e-09 -6.694937872840903e+03  8.442199886803281e+03  4.218547634977269e+05
8.239999999999920e-09 -8.448735079974967e+03  6.224339341902353e+03  4.220099129959554e+05
8.249999999999920e-09 -9.708616396221218e+03  4.333501786027317e+03  4.221120572566522e+05
8.259999999999920e-09 -9.353868495258595e+03  2.741041222487199e+03  4.220445767931293e+05
8.269999999999920e-09 -7.958847450862689e+03  5.185188658764703e+02  4.220538871334801e+05
8.279999999999919e-09 -5.366915969504799e+03 -2.751987575049083e+02  4.219175946277820e+05
8.289999999999921e-09 -4.180402334147679e+03 -6.198211794360690e+02  4.217397257963713e+05
8.299999999999920e-09 -2.945109080852117e+03 -1.202546897672045e+03  4.216033964458894e+05
8.309999999999920e-09 -1.927661867939061e+03 -4.326900398115559e+01  4.212966571875245e+05
8.319999999999920e-09  2.983881104242948e+02  2.592719154593333e+03  4.207240049163625e+05
8.329999999999920e-09 -1.394980377705054e+02  4.676718873060759e+03  4.204979691718741e+05
8.339999999999920e-09 -1.386393367914096e+03  6.220564721180215e+03  4.206353860333324e+05
8.349999999999919e-09 -3.490290846113473e+03  5.461885851009299e+03  4.209047854022091e+05
8.359999999999921e-09 -5.126270451571910e+03  5.067160507285887e+03  4.209229522559230e+05
8.369999999999920e-09 -6.690373828171791e+03  4.305807907521287e+03  4.213199840285220e+05
8.379999999999920e-09 -7.831832849838102e+03  1.665512376971155e+03  4.217590502540456e+05
8.389999999999910e-09 -6.152509871757321e+03  8.732102372832090e+02  4.219686629051347e+05
8.399999999999910e-09 -4.599112842965162e+03 -8.144532077462304e+02  4.221368520274605e+05
8.409999999999910e-09 -2.181741277330040e+03  1.004099315322791e+03  4.220175436292545e+05
8.419999999999909e-09 -1.630677690671401e+03  1.993387699709772e+03  4.219543109839027e+05
8.429999999999911e-09 -1.658089526934690e+03  3.220723618085439e+03  4.223033711480603e+05
8.439999999999910e-09 -3.072901279934292e+03  5.241606530675092e+03  4.222736353400477e+05
8.449999999999910e-09 -4.496427127183842e+03  5.550168969572959e+03  4.218302457804848e+05
8.459999999999910e-09 -5.084996741266329e+03  5.198895921471481e+03  4.213913121371106e+05
8.469999999999910e-09 -6.873233159195353e+03  4.803077210599031e+03  4.211478770020844e+05
8.479999999999910e-09 -6.273116887444450e+03  3.967355144397513e+03  4.211167818776313e+05
8.489999999999909e-09 -5.874478253102372e+03  3.020471506299482e+03  4.210883145859335e+05
8.499999999999911e-09 -5.610080648915424e+03  2.945598003263279e+03  4.214437562318566e+05
8.509999999999910e-09 -4.739903532648871e+03  1.966998216996034e+03  4.216988351251033e+05
8.519999999999910e-09 -4.686710232054780e+03  2.131892948779926e+03  4.214128167900727e+05
8.529999999999910e-09 -4.483247291560603e+03  6.626462448742432e+02  4.211994521167179e+05
8.539999999999910e-09 -1.871050623782568e+03 -7.630402823761498e+02  4.209194553250722e+05
8.549999999999909e-09  1.737545641823343e+02  5.755070067899319e+02  4.210353803550137e+05
8.559999999999909e-09  1.043459720695031e+03  2.138030468820163e+03  4.212815624751348e+05
8.569999999999911e-09  4.532726268447477e+02  2.996956212278681e+03  4.217384153253940e+05
8.579999999999910e-09 -1.438502922146388e+02  4.008828479905065e+03  4.217970892093081e+05
8.589999999999910e-09 -1.570658552695244e+03  4.558610056202948e+03  4.220064973163141e+05
8.599999999999910e-09 -2.295834902875191e+03  4.465760448017026e+03  4.221499542887845e+05
8.609999999999910e-09 -2.429267797377607e+03  3.977351417736136e+03  4.224486950267165e+05
8.619999999999909e-09 -3.243828220211223e+03  3.130177879612256e+03  4.226781513663497e+05
8.629999999999909e-09 -2.888254207722493e+03  3.197180529226848e+03  4.227314717326243e+05
8.639999999999911e-09 -2.447553216785317e+03  4.080700633712873e+03  4.225063200783018e+05
8.649999999999910e-09 -3.138385413580167e+03  3.595096174600705e+03  4.219165454376622e+05
8.659999999999910e-09 -3.800946598900114e+03  3.586974838564023e+03  4.214599256467004e+05
8.669999999999910e-09 -3.173996634853176e+03  2.599391166773878e+03  4.211260879501847e+05
8.679999999999910e-09 -2.092578761164875e+03  2.691606295279043e+03  4.209052847074295e+05
8.689999999999909e-09 -1.457793687637051e+03  3.272635324780188e+03  4.209634429178486e+05
8.699999999999911e-09 -1.955027094209466e+03  3.750298302608200e+03  4.208322055184198e+05
8.709999999999911e-09 -3.392875488923666e+03  5.069865241597650e+03  4.211056024026924e+05
8.719999999999910e-09 -4.454140623828901e+03  5.668641782323456e+03  4.211174248367050e+05
8.729999999999910e-09 -5.529718429284184e+03  5.971407678157040e+03  4.209081082690773e+05
8.739999999999910e-09 -6.836747110959369e+03  3.801945960695507e+03  4.209509633915786e+05
8.749999999999910e-09 -5.969946595698938e+03  2.545054041954315e+03  4.211141590556782e+05
8.759999999999909e-09 -5.931741080093881e+03  2.033027503848795e+03  4.205268844802945e+05
8.769999999999911e-09 -4.280239874162234e+03  4.285138934753915e+02  4.204728452760528e+05
8.779999999999911e-09 -2.554079600138036e+03  9.579595959080880e+02  4.206532347032577e+05
8.789999999999910e-09 -2.335794335848817e+03  1.258088798990916e+03  4.211276706246745e+05
8.799999999999910e-09 -1.569590202631625e+03  1.583028760012088e+03  4.211784227366772e+05
8.809999999999900e-09 -1.477485068765368e+03  3.111701748149328e+03  4.213645805447664e+05
8.819999999999900e-09 -2.240267138775529e+03  3.556284447595967e+03  4.213982051419754e+05
8.829999999999899e-09 -2.786404163336093e+03  4.328845971150310e+03  4.215369063369508e+05
8.839999999999901e-09 -4.342255829748853e+03  4.230029624779144e+03  4.213972583846959e+05
8.849999999999901e-09 -4.079312738710188e+03  3.005269830900316e+03  4.214183006156515e+05
8.859999999999900e-09 -3.422310229822613e+03  1.607233307640496e+03  4.213757506890426e+05
8.869999999999900e-09 -2.847485356928505e+03  1.998325643060240e+03  4.214516203046650e+05
8.879999999999900e-09 -8.126918240737389e+02  3.003189592468594e+03  4.216386561914600e+05
8.889999999999900e-09 -1.438921362991495e+02  3.527090246168906e+03  4.216404553007790e+05
8.899999999999899e-09  3.362852630091763e+02  4.161247219072851e+03  4.216974506450759e+05
8.909999999999901e-09  7.199947303376106e+02  5.766021718076940e+03  4.219485533469326e+05
8.919999999999901e-09  6.670073885543335e+02  6.663045536334328e+03  4.219040614352187e+05
8.929999999999900e-09 -8.385969328140584e+02  8.018808379622648e+03  4.216517672455416e+05
8.939999999999900e-09 -2.051819376348088e+03  8.843292808168004e+03  4.221209782871325e+05
8.949999999999900e-09 -3.358757122093393e+03  9.129682565621204e+03  4.220798342117466e+05
8.959999999999900e-09 -4.805246946721596e+03  9.257121117090768e+03  4.219178083087982e+05
8.969999999999899e-09 -6.630417813021386e+03  8.699239174356226e+03  4.216916433783077e+05
8.979999999999901e-09 -7.759702814479749e+03  6.285564056569658e+03  4.214878416493425e+05
8.989999999999901e-09 -8.487222739230634e+03  3.120032297844970e+03  4.211933985498387e+05
8.999999999999900e-09 -7.106642646942511e+03  1.177747057160336e+03  4.207836090503416e+05
9.009999999999900e-09 -5.664131238021330e+03  2.113369022984487e+02  4.203376599700024e+05
9.019999999999900e-09 -2.905956989095765e+03 -1.683755904938044e+01  4.200333681191584e+05
9.029999999999900e-09 -1.702624582445349e+03  1.372733766037852e+03  4.203654423030818e+05
9.039999999999899e-09 -2.490457657270691e+03  2.240129365208354e+03  4.203868516578681e+05
9.049999999999901e-09 -3.120482629141301e+03  2.956087452558677e+03  4.208214659910962e+05
9.059999999999900e-09 -2.040825729413820e+03  4.191505009095486e+03  4.212381150155980e+05
9.069999999999900e-09 -1.786342444046949e+03  4.266941937678223e+03  4.211397617777882e+05
9.079999999999900e-09 -1.941677087187205e+03  4.244041499631606e+03  4.208819430573868e+05
9.089999999999900e-09 -2.604488408980379e+03  4.387403821052019e+03  4.206330208561645e+05
9.099999999999900e-09 -3.910817942934752e+03  3.993926498366120e+03  4.206637321900792e+05
9.109999999999899e-09 -4.443402892276673e+03  2.752283741974946e+03  4.211610767878897e+05
9.119999999999901e-09 -3.119461372665477e+03  1.785150075900063e+03  4.220717643246231e+05
9.129999999999900e-09 -3.099519575053832e+03  2.525308502283688e+03  4.224788005555063e+05
9.139999999999900e-09 -2.695396941834498e+03  2.527894507456649e+03  4.228842987529135e+05
9.149999999999900e-09 -2.873047853514620e+03  2.816799730216051e+03  4.233104359935277e+05
9.159999999999900e-09 -3.054425442743437e+03  3.060899144344784e+03  4.227010998217419e+05
9.169999999999899e-09 -4.010991652544888e+03  2.792061027092118e+03  4.223795491093369e+05
9.179999999999899e-09 -4.267746694769412e+03  1.800586590286394e+03  4.220324374629135e+05
9.189999999999901e-09 -3.722510764776292e+03  1.578264832700770e+03  4.215783206809745e+05
9.199999999999900e-09 -1.963013951572767e+03  2.371004627283723e+03  4.210470847693282e+05
9.209999999999900e-09 -2.742399897790116e+03  2.600408262867435e+03  4.205309409628111e+05
9.219999999999890e-09 -2.517719625100382e+03  3.252580212214274e+03  4.208737811844354e+05
9.229999999999890e-09 -2.439556461933772e+03  4.110990586243091e+03  4.208687477150669e+05
9.239999999999890e-09 -4.268133499614076e+03  3.863751480562688e+03  4.207988270994702e+05
9.249999999999889e-09 -3.822961193316236e+03  2.851901974385544e+03  4.209105838218738e+05
9.259999999999891e-09 -3.724016789747917e+03  1.764205540630095e+03  4.211752483982450e+05
9.269999999999890e-09 -3.262513120706188e+03  1.546366954543166e+03  4.214935553196823e+05
9.279999999999890e-09 -3.216751086401423e+03  1.931589824013662e+03  4.217072925728520e+05
9.289999999999890e-09 -2.748208070473498e+03  2.290775228971499e+03  4.220144216362467e+05
9.299999999999890e-09 -2.381916794281634e+03  2.361418121969424e+03  4.219339082729629e+05
9.309999999999889e-09 -2.178459124101313e+03  3.223539560444416e+03  4.216012259739363e+05
9.319999999999889e-09 -2.397023576586606e+03  3.977664123706059e+03  4.213932514256806e+05
9.329999999999891e-09 -2.120060132251726e+03  4.232402750445902e+03  4.218276430213864e+05
9.339999999999890e-09 -2.656707568340040e+03  3.849185487818202e+03  4.220093743656191e+05
9.349999999999890e-09 -2.228284054188400e+03  3.879438187210383e+03  4.218663758831407e+05
9.359999999999890e-09 -1.853434087618026e+03  3.603399980745580e+03  4.214696509926934e+05
9.369999999999890e-09 -7.887757297185241e+02  5.802493772946229e+03  4.211380024100529e+05
9.379999999999889e-09 -1.599262636370978e+03  6.313035038875160e+03  4.208662676521421e+05
9.389999999999889e-09 -2.885262977879133e+03  5.541869373490848e+03  4.204614788313147e+05
9.399999999999891e-09 -3.006581612374073e+03  4.808463378931001e+03  4.201356615051184e+05
9.409999999999890e-09 -2.992314974120409e+03  6.602580346534040e+03  4.202062647365436e+05
9.419999999999890e-09 -3.999724667531019e+03  5.693931297403215e+03  4.205262650901336e+05
9.429999999999890e-09 -4.969833541502561e+03  6.042892258389844e+03  4.211939364004672e+05
9.439999999999890e-09 -5.957406345197610e+03  4.953537916060098e+03  4.218169235091170e+05
9.449999999999889e-09 -4.605276292319609e+03  2.336369274712044e+03  4.222534705798674e+05
9.459999999999891e-09 -4.345722047856846e+03  2.001948980684702e+03  4.224664411580795e+05
9.469999999999891e-09 -3.365500132466856e+03  2.048131523394461e+03  4.225164472399412e+05
9.479999999999890e-09 -2.770757459852654e+03  2.777790142257182e+03  4.222223525284330e+05
9.489999999999890e-09 -2.143242138795866e+03  2.970000578797888e+03  4.221659223460786e+05
9.499999999999890e-09 -2.988116107549482e+03  3.215633193125776e+03  4.217950539709064e+05
9.509999999999890e-09 -3.052725028605799e+03  3.631570079904760e+03  4.214392029357708e+05
9.519999999999889e-09 -3.865955769815926e+03  3.246128629864228e+03  4.213959161182001e+05
9.529999999999891e-09 -4.269563054038191e+03  2.849236407791132e+03  4.211805067032904e+05
9.539999999999891e-09 -5.070955479301400e+03  2.687340231530528e+03  4.210390565138462e+05
9.549999999999890e-09 -6.359340553388606e+03  2.163004595556243e+03  4.210155827679624e+05
9.559999999999890e-09 -6.611027459714939e+03  7.382171638278394e+02  4.214579286117979e+05
9.569999999999890e-09 -4.562252035509792e+03 -6.348172590019850e+02  4.215982093965170e+05
9.579999999999890e-09 -3.115990446495771e+03 -5.139481355309670e+02  4.214625897062427e+05
9.589999999999889e-09 -1.463246553116127e+03  6.759027123033159e+02  4.214734077450577e+05
9.599999999999891e-09 -5.397660149910065e+02  1.664497101554234e+03  4.214747832142034e+05
9.609999999999891e-09 -3.945328616732775e+02  2.937238887408527e+03  4.211775622145925e+05
9.619999999999890e-09 -2.133634784121615e+02  4.143502592390980e+03  4.209668452343419e+05
9.629999999999890e-09 -5.982202247592166e+02  4.849908156296462e+03  4.206693220840316e+05
9.639999999999880e-09 -2.791743594447556e+02  6.269174429114127e+03  4.208422905124946e+05
9.649999999999880e-09 -2.180622128752583e+03  7.700581448631393e+03  4.207057085703011e+05
9.659999999999879e-09 -4.099965785053154e+03  7.995480673863115e+03  4.211351487713092e+05
9.669999999999881e-09 -5.298944531292637e+03  6.726211329539230e+03  4.216295544736942e+05
9.679999999999881e-09 -6.163420416617099e+03  6.031282079922217e+03  4.219595911547611e+05
9.689999999999880e-09 -6.686260609356343e+03  3.905350290225315e+03  4.221140758122251e+05
9.699999999999880e-09 -5.136676760408914e+03  2.390848630913205e+03  4.222772849131450e+05
9.709999999999880e-09 -4.430824465334343e+03  1.527097337866373e+03  4.223508559784865e+05
9.719999999999880e-09 -3.270718232723928e+03  2.276608241706273e+03  4.221355039828898e+05
9.729999999999879e-09 -4.111188245613875e+03  2.415535958281459e+03  4.220990496608067e+05
9.739999999999881e-09 -3.686332558337828e+03  3.023133572339467e+03  4.217626392988445e+05
9.749999999999881e-09 -4.348385424197514e+03  2.908318885203626e+03  4.214998748530355e+05
9.759999999999880e-09 -4.936088431111914e+03  3.094966496977774e+03  4.212683392518674e+05
9.769999999999880e-09 -5.247386726455059e+03  2.490760026053351e+03  4.210975170981572e+05
9.779999999999880e-09 -4.281422283106197e+03  2.209313784049199e+03  4.210730725036433e+05
9.789999999999880e-09 -4.943664745663817e+03  2.330661157153664e+03  4.209678891013273e+05
9.799999999999879e-09 -4.677161607698539e+03  1.210310151562222e+03  4.206932889959680e+05
9.809999999999881e-09 -2.789533084023367e+03  8.514477483026794e+02  4.203760379520719e+05
9.819999999999880e-09 -1.903173775165817e+03  1.100450155034984e+03  4.202406663942715e+05
9.829999999999880e-09 -1.130699508729311e+03  2.579843087478375e+03  4.200503407839875e+05
9.839999999999880e-09 -1.134024960142384e+03  3.755992506075310e+03  4.200450784489416e+05
9.849999999999880e-09 -9.790501639872143e+02  5.223599216974206e+03  4.199848400570826e+05
9.859999999999880e-09 -1.016363840109516e+03  5.074839498532411e+03  4.201278943498846e+05
9.869999999999879e-09 -1.426167514638779e+03  5.395407692275301e+03  4.206331607397645e+05
9.879999999999881e-09 -2.654334753876422e+03  6.045494897167713e+03  4.210842881937787e+05
9.889999999999880e-09 -3.319288153377496e+03  5.902509616235691e+03  4.211646932131556e+05
9.899999999999880e-09 -3.104516794307520e+03  5.403880873185490e+03  4.212845321509230e+05
9.909999999999880e-09 -3.892139243141500e+03  5.024832027346199e+03  4.214088333886420e+05
9.919999999999880e-09 -4.763870957049090e+03  4.975714711940005e+03  4.214633798011406e+05
9.929999999999879e-09 -3.925678158498503e+03  3.287389811853377e+03  4.214000709542127e+05
9.939999999999879e-09 -3.096345051466195e+03  2.986451000646877e+03  4.212248569994887e+05
9.949999999999881e-09 -3.722909278999723e+03  2.555907078792804e+03  4.210890058070143e+05
9.959999999999880e-09 -3.322974990561127e+03  2.226788795278796e+03  4.208300283341304e+05
9.969999999999880e-09 -3.027276798444509e+03  3.396476411840266e+03  4.202995899121505e+05
9.979999999999880e-09 -3.539508338672294e+03  4.238517858802134e+03  4.203156314118697e+05
9.989999999999880e-09 -3.734558277466017e+03  3.918634727415834e+03  4.200103801420594e+05
9.999999999999879e-09 -5.147718389595210e+03  3.805753571912096e+03  4.203902530685383e+05
