#               t [s]                 T [K]          M_ZFC_x [A/m]          M_ZFC_y [A/m]          M_ZFC_z [A/m]           M_FC_x [A/m]           M_FC_y [A/m]           M_FC_z [A/m]
2.000000000000000e-09 5.970100000000000e+00 -1.334951087141384e+04 -9.158007778508991e+03  1.378832576767724e+04 -2.579419531297535e+03 -1.820545697210982e+03  1.986528668625571e+05
4.000000000000020e-09 7.950100000000020e+00 -1.245986626184502e+04 -7.433491719757495e+03  1.363213925923475e+04 -2.610670504080763e+03 -2.002474467357247e+03  1.986650010982639e+05
5.999999999999970e-09 9.930099999999969e+00 -1.207272543002399e+04 -9.206123697268114e+03  1.410448194788777e+04 -4.963668131103022e+03 -1.863472030399882e+03  1.981431359485896e+05
7.999999999999919e-09 1.191009999999990e+01 -1.309960385934556e+04 -8.158544786231418e+03  1.448342376041715e+04 -3.449435992001872e+03 -2.694098248264052e+03  2.000736314615681e+05
9.999999999999879e-09 1.389009999999990e+01 -1.433596561691533e+04 -6.561914813419933e+03  1.423688320642260e+04 -2.636687288861216e+03 -6.174424149693981e+02  1.997134725728192e+05
1.199999999999980e-08 1.587009999999980e+01 -1.249280524424029e+04 -8.849576079757629e+03  1.481121291403608e+04 -3.003479243313007e+03 -2.667625980751042e+03  1.981497281390373e+05
1.399999999999980e-08 1.785009999999980e+01 -1.208849708571599e+04 -7.656270965676621e+03  1.520822135941412e+04 -2.396990173018191e+03 -2.848366866391204e+03  1.992116875281816e+05
1.599999999999990e-08 1.983009999999990e+01 -1.209113260752557e+04 -8.690458699702722e+03  1.346279685079038e+04 -3.785793603624029e+03 -3.577786694311140e+03  1.980937406942032e+05
1.800000000000020e-08 2.181010000000020e+01 -1.300282125705277e+04 -8.056053994543135e+03  1.399026837767261e+04 -4.962797951540729e+03 -3.216968077414507e+03  1.975958749470545e+05
2.000000000000050e-08 2.379010000000050e+01 -1.201887016215588e+04 -9.227892294261896e+03  1.460769489475003e+04 -5.096394827689864e+03 -2.465210161758323e+03  1.988303349672167e+05
2.200000000000080e-08 2.577010000000070e+01 -1.354884567241987e+04 -9.447051151824337e+03  1.486318569743261e+04 -2.770404635842539e+03 -4.746496232474287e+02  1.977767774007455e+05
2.400000000000100e-08 2.775010000000100e+01 -1.473877891817346e+04 -9.536904651448976e+03  1.331870273732953e+04 -1.345490476206563e+03 -2.155382181180370e+03  1.997446119486277e+05
2.600000000000130e-08 2.973010000000130e+01 -1.046721499059076e+04 -9.036809477515490e+03  1.200300973543494e+04 -1.891154451869900e+03 -3.497876650140905e+03  1.989665780707801e+05
2.800000000000160e-08 3.171010000000160e+01 -1.265328719730070e+04 -6.410798056282433e+03  1.432334699380920e+04 -2.514842433665403e+03 -2.349419200255958e+03  1.968021843508267e+05
3.000000000000180e-08 3.369010000000180e+01 -1.041294116761279e+04 -5.473318117082069e+03  1.310390024101915e+04 -4.775795112229346e+03  2.365207393917522e+02  1.978685456582021e+05
3.200000000000140e-08 3.567010000000140e+01 -1.176451513774119e+04 -8.886284639169457e+03  1.641582320189458e+04 -3.672509717050347e+03 -2.428752808891883e+03  1.979478103484500e+05
3.400000000000110e-08 3.765010000000110e+01 -1.268080455948763e+04 -9.763944186061670e+03  1.285549133444721e+04 -2.277390251038450e+03 -4.461070575155351e+03  1.974828562688273e+05
3.600000000000070e-08 3.963010000000070e+01 -1.149253485046229e+04 -8.813897477347684e+03  1.408169187463060e+04 -3.875642503700133e+03 -1.815088710548853e+03  1.979797948114925e+05
3.800000000000030e-08 4.161010000000030e+01 -1.305308159946868e+04 -8.216689930122840e+03  1.231913636325379e+04 -2.506996664860480e+03 -2.259543503869892e+03  2.003922191758560e+05
3.999999999999990e-08 4.359009999999990e+01 -1.249865108204609e+04 -9.273543204072086e+03  1.376591416584876e+04 -3.632769028001143e+03 -3.774262685869504e+03  1.985266361574812e+05
4.199999999999950e-08 4.557009999999960e+01 -1.156307686665051e+04 -9.853833152976849e+03  1.546031284197957e+04 -4.964816850128771e+03 -2.374315576831825e+03  1.962031246624824e+05
4.399999999999920e-08 4.755009999999920e+01 -1.017073359768422e+04 -7.860646012943324e+03  1.474979350539266e+04 -3.688351001066343e+03 -3.091007262289553e+03  1.991494664919114e+05
4.599999999999880e-08 4.953009999999880e+01 -1.156035501607699e+04 -1.060776491268777e+04  1.261416962238320e+04 -7.216683453659693e+03 -1.805015383285227e+03  1.959862949828062e+05
4.799999999999840e-08 5.151009999999840e+01 -1.369897552892626e+04 -8.556104555127857e+03  1.503537336551319e+04 -3.338648547411332e+03 -2.425832628961946e+03  1.971387557292803e+05
4.999999999999800e-08 5.349009999999810e+01 -1.396899095651104e+04 -6.873201488564294e+03  1.579703088447038e+04 -4.323933274870130e+03 -4.975196496731416e+03  1.946438300599730e+05
5.199999999999770e-08 5.547009999999770e+01 -1.202448389479030e+04 -9.327448644865732e+03  1.474508990337406e+04 -1.519856910104074e+03 -4.183272351220279e+03  1.919339000972272e+05
5.399999999999730e-08 5.745009999999730e+01 -1.353695568587200e+04 -1.080948636248368e+04  1.538732672606781e+04 -1.623658584219362e+03 -3.919709671012154e+02  1.955789336606084e+05
5.599999999999690e-08 5.943009999999690e+01 -1.324012525405144e+04 -3.731852681865268e+03  1.631453312871339e+04 -3.831907261222131e+03 -2.351208006579828e+03  1.940401980096069e+05
5.799999999999650e-08 6.141009999999660e+01 -1.509202973831699e+04 -1.040237966388033e+04  1.501461712134055e+04 -5.784728736357487e+02 -1.295096010328865e+03  1.951921284339942e+05
5.999999999999610e-08 6.339009999999620e+01 -1.343761377825219e+04 -9.823210070976356e+03  1.607277933882529e+04 -2.380440808485371e+03 -1.385491577151332e+03  1.952428635364012e+05
6.199999999999580e-08 6.537009999999580e+01 -8.730765267889667e+03 -7.059764767819575e+03  1.651239525240795e+04 -3.938466648859179e+03 -1.319247770103084e+03  1.943612122692458e+05
6.399999999999540e-08 6.735009999999539e+01 -1.062508337447405e+04 -1.132047497658240e+04  1.680118363898902e+04 -5.179523738956841e+03  9.199697290194520e+02  1.951075642108263e+05
6.599999999999501e-08 6.933009999999510e+01 -1.067170083038738e+04 -1.101424383916918e+04  1.425373002405572e+04 -6.593311881826534e+03 -2.087370040797601e+03  1.933334127141438e+05
6.799999999999460e-08 7.131009999999470e+01 -1.031700844134132e+04 -7.117160828313747e+03  8.753628871322828e+03  3.404246828444484e+02  4.830099562120340e+02  1.933256486433824e+05
6.999999999999419e-08 7.329009999999430e+01 -1.295687695227312e+04 -1.360594992413485e+04  1.326809925711177e+04 -6.045493386532576e+03 -4.103461222449163e+03  1.945269863678367e+05
7.199999999999389e-08 7.527009999999390e+01 -1.533926656425724e+04 -1.279820499143226e+04  1.284070539651485e+04 -4.441133836763342e+03 -1.226908020980591e+03  1.916044967375186e+05
7.399999999999350e-08 7.725009999999359e+01 -1.220276461151949e+04 -5.980572347542791e+03  1.879935461065601e+04  1.007839626272145e+03 -1.904566599594161e+03  1.938536552370234e+05
7.599999999999310e-08 7.923009999999320e+01 -1.210713559591818e+04 -9.899454195618760e+03  1.249329252757463e+04 -6.834790394577239e+03 -1.737257642353988e+03  1.970172208738193e+05
7.799999999999270e-08 8.121009999999281e+01 -1.050628714322993e+04 -1.081082823605332e+04  1.666439768446467e+04 -2.613908049686497e+03 -6.940711026369050e+02  1.945923889155136e+05
7.999999999999240e-08 8.319009999999240e+01 -1.133519656648215e+04 -7.921123067017576e+03  1.250683927016686e+04 -4.975243697010998e+03 -1.950534550821555e+03  1.913782725036406e+05
8.199999999999200e-08 8.517009999999210e+01 -1.232723979219676e+04 -9.440606047655674e+03  1.703244471893944e+04 -1.910061846007937e+03 -8.499975235013908e+02  1.913472995810306e+05
8.399999999999159e-08 8.715009999999170e+01 -1.092617863687334e+04 -6.877305616802950e+03  1.408397057777805e+04 -3.975402889278103e+03  3.440464181417931e+02  1.932256414109121e+05
8.599999999999120e-08 8.913009999999130e+01 -1.032988447510867e+04 -7.109825273607932e+03  1.414617659707023e+04  4.741155297693114e+02 -3.709115603810018e+03  1.889019399799159e+05
8.799999999999080e-08 9.111009999999089e+01 -1.116287732387571e+04 -7.637883584509557e+03  1.719687462036790e+04 -2.024372212490963e+03 -4.198312185716114e+03  1.936767028502692e+05
8.999999999999050e-08 9.309009999999060e+01 -1.246931036070933e+04 -8.076270944512020e+03  1.330631893389179e+04 -2.319206365393840e+03 -3.089094148066251e+03  1.934218513434845e+05
9.199999999999010e-08 9.507009999999021e+01 -1.500479495215253e+04 -5.037698679163526e+03  1.648831842735030e+04 -3.983140928663230e+03 -1.896511571741783e+03  1.952820899524280e+05
9.399999999998970e-08 9.705009999998980e+01 -1.084491617533577e+04 -8.316694905279533e+03  1.633614639592932e+04 -4.685068390188346e+03  9.433282573329600e+01  1.923642273144724e+05
9.599999999998931e-08 9.903009999998940e+01 -1.200825668486833e+04 -5.359656412626148e+03  1.475617374089092e+04 -2.378273395947687e+03  6.836237394501039e+02  1.978388269208244e+05
9.799999999998890e-08 1.010100999999890e+02 -1.281948657341094e+04 -9.637539544363131e+03  1.049467456235995e+04 -6.609240112384288e+03 -4.023355733932915e+03  1.883393419883806e+05
9.999999999998860e-08 1.029900999999890e+02 -1.325982291755664e+04 -6.081269449747139e+03  1.728025100857731e+04 -7.508482494761894e+02 -6.552102557475387e+03  1.938007903784993e+05
1.019999999999880e-07 1.049700999999880e+02 -1.620447019860545e+04 -6.130803889024814e+03  1.469146661806803e+04 -3.084531374429502e+03  2.386338857315805e+02  1.944507004927064e+05
1.039999999999880e-07 1.069500999999880e+02 -1.073506125549679e+04 -1.499033734048715e+04  1.833440012453116e+04 -4.734840857104636e+03 -7.993550513740913e+02  1.914594876014531e+05
1.059999999999870e-07 1.089300999999880e+02 -1.295545739655343e+04 -8.589614780482536e+03  1.503190380867056e+04 -3.541519952906275e+03 -4.047899243336359e+03  1.946549731712636e+05
1.079999999999870e-07 1.109100999999870e+02 -1.363930254875429e+04 -7.391236955663961e+03  1.548722139968988e+04 -2.954713103850935e+03 -1.113241973931794e+03  1.932056787176412e+05
1.099999999999870e-07 1.128900999999870e+02 -1.386313946064373e+04 -8.519551408127996e+03  1.447836349242292e+04 -2.492676490416846e+03 -3.717353194081514e+02  1.910314434119388e+05
1.119999999999860e-07 1.148700999999860e+02 -9.976715451247752e+03 -6.356810753331352e+03  2.074025305955595e+04 -1.071018945963872e+03 -1.327000933848547e+03  1.869083890086895e+05
1.139999999999860e-07 1.168500999999860e+02 -1.395172714274894e+04 -7.939748537516446e+03  1.623464385086964e+04  4.040751458902600e+03  6.365717871414715e+02  1.880856211683380e+05
1.159999999999860e-07 1.188300999999860e+02 -5.668275898155416e+03 -1.130493550165871e+04  1.684091157067431e+04 -5.150970078202785e+03  4.906468774987953e+02  1.879080144021368e+05
1.179999999999850e-07 1.208100999999850e+02 -1.307070879535090e+04 -6.583472400559494e+03  1.483192786121313e+04 -6.624446936908689e+03 -5.407281920978359e+03  1.918866416141974e+05
1.199999999999860e-07 1.227900999999860e+02 -2.022134360807820e+04 -4.168301344916757e+03  1.675586437072830e+04  2.082853608010580e+03  1.718355340849283e+02  1.938870458040617e+05
1.219999999999880e-07 1.247700999999880e+02 -1.149478030613291e+04 -9.626075897263383e+03  1.319365891788631e+04 -4.945093746726906e+02 -3.912259150067260e+03  1.900012145629043e+05
1.239999999999900e-07 1.267500999999900e+02 -1.147284042208634e+04 -1.051485712956904e+04  1.654004562866586e+04 -5.672535116989423e+03 -2.442702363781208e+03  1.890355506786941e+05
1.259999999999930e-07 1.287300999999930e+02 -8.659233519352707e+03 -9.556006072867498e+03  1.802830093915201e+04 -3.365700742076916e+03 -2.433953421324952e+03  1.894832742700161e+05
1.279999999999950e-07 1.307100999999950e+02 -1.074022928920611e+04 -1.017340055703114e+04  1.462991719869192e+04 -9.579585941409414e+02 -4.265848582539641e+03  1.903340393116530e+05
1.299999999999970e-07 1.326900999999970e+02 -1.144353409751544e+04 -1.007849612436655e+04  1.555546065161207e+04 -6.419059916926514e+02 -6.327864091514806e+03  1.921226764512082e+05
1.319999999999990e-07 1.346700999999990e+02 -7.976474322940988e+03 -5.599888577513658e+03  1.527609620179000e+04 -1.565251710173908e+03  2.850027871562503e+03  1.893695276059535e+05
1.340000000000020e-07 1.366501000000020e+02 -8.531065945533075e+03 -1.740880903313393e+03  1.572071504502834e+04  2.087327229591774e+01 -1.453279979848437e+03  1.869859260230790e+05
1.360000000000040e-07 1.386301000000040e+02 -1.426422352016480e+04 -5.307176821905683e+03  1.814135458610928e+04 -9.037336181836961e+02 -2.171143026262021e+03  1.908094915166966e+05
1.380000000000060e-07 1.406101000000060e+02 -1.020661240528670e+04 -6.715649950991060e+03  1.823567077746247e+04 -5.366512091686272e+03  3.468911298881718e+03  1.884880937513387e+05
1.400000000000090e-07 1.425901000000080e+02 -1.356965469916505e+04 -3.215574856788395e+03  1.841377146191641e+04  1.956728610626104e+03 -1.506349194006022e+03  1.864036346686097e+05
1.420000000000110e-07 1.445701000000110e+02 -9.659501509611124e+03 -8.139083176580952e+03  1.059250935540124e+04 -3.057583042522557e+03 -5.187068388950592e+03  1.870741438664029e+05
1.440000000000130e-07 1.465501000000130e+02 -1.113369766152334e+04 -9.407103949333604e+02  1.634197395583988e+04 -2.021863540641232e+03 -4.195091381900304e+03  1.902101591546607e+05
1.460000000000150e-07 1.485301000000150e+02 -1.328557213378460e+04 -8.009512062718002e+03  2.020947015161163e+04  4.825637517042902e+03 -6.718363903303404e+02  1.948619297889552e+05
1.480000000000180e-07 1.505101000000170e+02 -1.656927721472170e+04 -9.406526944767376e+03  2.093638051478003e+04  6.649557962165585e+02 -4.974011907821277e+03  1.843133945104931e+05
1.500000000000200e-07 1.524901000000200e+02 -1.972494035557044e+04 -1.244153323448894e+04  1.334826717640159e+04  6.582537607039428e+03 -2.271414522844651e+03  1.860021936050597e+05
1.520000000000220e-07 1.544701000000220e+02 -1.044694569396960e+04 -1.067897612432404e+04  2.070896134593342e+04 -1.742076455106346e+03 -2.482489553781882e+03  1.871197568448688e+05
1.540000000000240e-07 1.564501000000240e+02 -1.315480697784863e+04 -7.326629299387324e+03  1.848107154587427e+04  4.493271335271079e+03 -1.519028815372060e+03  1.841552779173237e+05
1.560000000000270e-07 1.584301000000260e+02 -1.409349639007533e+04 -5.907678272117068e+03  2.090751525854846e+04  4.684440556385872e+03 -6.554957164999199e+03  1.854939423559898e+05
1.580000000000290e-07 1.604101000000290e+02 -4.212132941142702e+03 -1.004600324306766e+04  2.330459783682450e+04  2.636044278031962e+03 -3.000138836492064e+03  1.819295622830445e+05
1.600000000000310e-07 1.623901000000310e+02 -1.096357367897621e+04 -4.837731546358144e+03  2.173436276937408e+04 -3.925228511473832e+03 -1.425157679655176e+03  1.872771280158094e+05
1.620000000000330e-07 1.643701000000330e+02 -1.731385645435343e+04 -3.178761599227969e+03  2.197827662548451e+04 -6.112036885553510e+03  3.765243040870386e+02  1.882896960567628e+05
1.640000000000360e-07 1.663501000000350e+02 -1.234830779144688e+04 -1.039638711400278e+04  2.617038459306873e+04  2.434213004673108e+03 -5.715081830712972e+03  1.835371902322753e+05
1.660000000000380e-07 1.683301000000380e+02 -1.850889105179500e+04 -1.037050599319593e+04  2.448232625370512e+04  3.937900181871341e+03 -1.250723446356653e+03  1.764854756709340e+05
1.680000000000400e-07 1.703101000000400e+02 -1.281062525588322e+04 -1.294170810258701e+04  2.479029515048563e+04  3.624348004224423e+03 -5.212821989388212e+03  1.824193857643447e+05
1.700000000000430e-07 1.722901000000420e+02 -8.289290335768208e+03 -1.243368512763356e+04  1.984808275261915e+04  6.085669523839865e+03 -7.697338309082934e+02  1.840260050504484e+05
1.720000000000450e-07 1.742701000000440e+02 -8.781525809308689e+03 -2.021310634406290e+04  2.307660921808792e+04  1.663530485489332e+03 -1.325156171427072e+03  1.843098504752014e+05
1.740000000000470e-07 1.762501000000470e+02 -1.055166541071123e+04 -3.738429016990829e+03  2.665570592947206e+04 -5.231699918243327e+03 -7.836700208117935e+03  1.784867431339418e+05
1.760000000000490e-07 1.782301000000490e+02 -7.379031315033806e+03 -7.795776479501117e+03  2.518793359725538e+04  1.064550050915584e+03 -1.079712977809594e+04  1.769912712650957e+05
1.780000000000520e-07 1.802101000000510e+02 -1.140479492618008e+04 -9.881203818729844e+03  3.123598043645575e+04 -1.886988197680835e+03 -2.796894518671406e+02  1.772803047603706e+05
1.800000000000540e-07 1.821901000000530e+02 -1.196113631650702e+04 -7.206300547634920e+03  2.717254020604259e+04 -1.650612301032101e+01 -9.252567174147342e+03  1.735612680311713e+05
1.820000000000560e-07 1.841701000000560e+02 -1.058057038825691e+04 -1.250855529213199e+04  3.431697808926782e+04 -3.109089098798741e+03 -4.734987081895809e+03  1.699419796501839e+05
1.840000000000580e-07 1.861501000000580e+02 -6.413060717742219e+03 -1.224906886441130e+04  2.816008156062802e+04 -4.174798889056019e+02 -9.689626930993592e+02  1.780176539740280e+05
1.860000000000610e-07 1.881301000000600e+02 -1.001207322937220e+04 -1.313339444871219e+04  2.949905921524336e+04  1.113241378808940e+03 -1.375478956185069e+03  1.763253467633091e+05
1.880000000000630e-07 1.901101000000620e+02 -3.136495304843648e+03  5.420515911163074e+03  3.440461058205448e+04  3.800828512718014e+03 -1.910962820029103e+03  1.705215176800965e+05
1.900000000000650e-07 1.920901000000650e+02 -5.195676811419149e+03 -1.640910603925628e+03  2.535512273911948e+04  1.755276219660177e+03 -4.808250016818336e+03  1.701648968634222e+05
1.920000000000670e-07 1.940701000000670e+02  3.829392506685565e+02 -5.325455650181353e+02  3.723637766946803e+04 -3.044352655593060e+02  1.540494949832990e+03  1.636627282243014e+05
1.940000000000700e-07 1.960501000000690e+02 -5.255707681625560e+03  1.563414155903228e+03  3.314279454486729e+04  4.705769104143333e+03  2.801147682992647e+03  1.657305652224945e+05
1.960000000000720e-07 1.980301000000710e+02 -3.990318737199212e+03 -7.992403128558770e+03  3.289084915808438e+04  7.282552387855834e+03  5.288170285587109e+03  1.575958337464202e+05
1.980000000000740e-07 2.000101000000740e+02  7.137432112612343e+02 -3.831290698698285e+03  3.657703918154316e+04  1.466067353390465e+03 -5.178699521247558e+03  1.576003650299138e+05
2.000000000000770e-07 2.019901000000760e+02 -3.168263332874332e+03 -2.283387811762359e+03  3.714816588181583e+04  7.641581576500728e+03 -3.503799181280411e+03  1.556148779464152e+05
2.020000000000790e-07 2.039701000000780e+02  5.086787208053288e+03 -2.541661159766476e+03  3.398775599742496e+04  3.855476725789926e+03  3.065826593855705e+03  1.570299288759652e+05
2.040000000000810e-07 2.059501000000800e+02  9.155211087732459e+03 -2.957394709321766e+03  3.094726174840647e+04  4.907120925824099e+03  1.539276848832636e+03  1.508546975440962e+05
2.060000000000830e-07 2.079301000000820e+02  5.232984221456318e+03 -8.007209728152977e+03  3.620801694950859e+04  2.913482438476961e+03 -5.535034381046191e+03  1.474699617406662e+05
2.080000000000860e-07 2.099101000000850e+02  1.008969099819314e+03 -7.907549391859907e+03  3.817472496873798e+04  3.633020498227718e+03  2.575503624785324e+02  1.541980705289296e+05
2.100000000000880e-07 2.118901000000870e+02 -1.863379571261382e+03 -1.633623243481335e+04  3.652709245410551e+04  1.926631749604069e+02 -5.208847571197651e+02  1.493595445587481e+05
2.120000000000900e-07 2.138701000000890e+02  4.586944660983121e+03 -1.191288857102748e+04  4.648958009184218e+04  5.265733584110618e+02 -6.443676330461701e+02  1.492430492780319e+05
2.140000000000920e-07 2.158501000000910e+02  3.242268955993125e+03 -1.176260516304599e+04  4.052937633108611e+04  4.761743145997666e+03  2.268880891815700e+03  1.494553930082869e+05
2.160000000000950e-07 2.178301000000940e+02 -1.137132169297945e+03 -1.101562184585789e+04  4.190859517413380e+04 -1.569862994891152e+03  1.301909668735164e+03  1.353007412884574e+05
2.180000000000970e-07 2.198101000000960e+02 -2.069763104764327e+03 -1.823254291387764e+03  4.067240101777299e+04  3.367355199663748e+03  5.979321669138583e+03  1.357164970619163e+05
2.200000000000990e-07 2.217901000000980e+02 -3.858093531941964e+03 -1.352852858145804e+04  4.961816085938591e+04  5.318631589591774e+03 -5.736754254442985e+02  1.323603843890255e+05
2.220000000001010e-07 2.237701000001000e+02 -2.909866759236422e+01 -7.520393537641476e+03  5.538876716937270e+04  5.816864447223666e+03 -3.147991731862170e+03  1.347744680365013e+05
2.240000000001040e-07 2.257501000001030e+02  3.710891943028972e+03 -9.604125967958513e+03  4.904058375526506e+04  1.535085517526632e+04 -3.868515577603539e+03  1.326047674596220e+05
2.260000000001060e-07 2.277301000001050e+02 -1.399857870226243e+03 -9.128487397897037e+03  5.404547109472916e+04  1.063765995706228e+04 -6.342763744444124e+03  1.276326137618446e+05
2.280000000001080e-07 2.297101000001070e+02 -1.452233265449463e+03 -1.133554698573517e+04  4.670461647669113e+04  1.136750420237865e+04  9.592094537381739e+03  1.195511694394907e+05
2.300000000001110e-07 2.316901000001090e+02 -1.325310922711618e+03 -2.277428575012694e+03  5.263107299750223e+04  1.723128947225039e+04  4.515950261405953e+03  1.161612878180571e+05
2.320000000001130e-07 2.336701000001120e+02 -5.001749204489721e+03 -8.231621592535179e+03  6.492776016111024e+04  1.059044934397193e+04 -5.862087355998923e+03  1.105004455334027e+05
2.340000000001150e-07 2.356501000001140e+02 -4.058177651820083e+03 -2.615060518541895e+03  5.878219694924626e+04  1.048416230177984e+04  9.675437221238135e+02  1.092388353100038e+05
2.360000000001170e-07 2.376301000001160e+02  7.261517599913162e+03 -4.848297620287481e+02  6.267724301346464e+04  9.176402087776518e+03  9.674976580407787e+02  1.106146305417380e+05
2.380000000001200e-07 2.396101000001180e+02  1.226764985706338e+04 -9.701320185295799e+03  6.173365768737737e+04  8.910395324369512e+03  9.807777425143257e+03  1.100968644408579e+05
2.400000000001220e-07 2.415901000001210e+02 -3.813175492761462e+03 -4.712788394529955e+03  5.410130812483301e+04  1.014425491586143e+04  8.799695851972685e+03  1.057664672204888e+05
2.420000000001240e-07 2.435701000001230e+02 -5.834350629156103e+03 -6.042196113841415e+03  5.372469973201994e+04  2.604046814015907e+03  3.950559519903391e+03  1.014510744618144e+05
2.440000000001260e-07 2.455501000001250e+02  3.978195296223866e+02 -5.371996892328414e+03  5.586147987052229e+04  3.226513111418578e+03  7.187030073133659e+03  9.831832904240199e+04
2.460000000001290e-07 2.475301000001270e+02  4.424044747624441e+03  3.869278791688087e+02  5.678430546360488e+04  6.189872294353057e+03 -1.400401673752603e+03  9.332257591977205e+04
2.480000000001310e-07 2.495101000001300e+02  7.292306453136138e+03  8.332533976926279e+03  6.096445161106321e+04  4.613574863948773e+03  1.556132732139480e+03  9.016358538006937e+04
2.500000000001330e-07 2.514901000001320e+02  9.122752935766803e+03 -3.486256643573710e+03  5.995646260943011e+04  6.382898297718292e+03 -3.373849401866884e+03  9.390657941594510e+04
2.520000000001360e-07 2.534701000001340e+02  1.899405591086460e+03 -7.229507263835717e+03  6.054762272428237e+04  8.569269946165332e+03 -2.288891996162212e+03  8.943542220773525e+04
2.540000000001380e-07 2.554501000001360e+02  1.078500819174606e+04  7.864560176356731e+03  6.543223293956732e+04 -2.427218208125256e+03  5.278583740006139e+03  9.180549309596984e+04
2.560000000001400e-07 2.574301000001390e+02  3.892707994275921e+03  2.962348730922386e+03  6.287206103982298e+04 -1.162998370283729e+03 -9.683522571290878e+03  9.342543055257882e+04
2.580000000001420e-07 2.594101000001410e+02  1.607828024637380e+03 -5.966903696317777e+03  6.596916226384780e+04 -4.697786923261618e+03 -3.534591887925129e+03  8.261482891705057e+04
2.600000000001450e-07 2.613901000001430e+02  7.268502897218644e+03  2.053964768158678e+03  6.652743352355262e+04  6.594330895246852e+03 -1.050312989111110e+04  8.120080527343514e+04
2.620000000001470e-07 2.633701000001450e+02  1.819878804031388e+03 -2.289308882986466e+03  6.141141224815872e+04  9.154859374385325e+02 -1.636520092769838e+04  8.769306883047089e+04
2.640000000001490e-07 2.653501000001480e+02  7.756340279227850e+02  2.773395007170938e+03  6.495579796994896e+04 -4.516086867525777e+03 -2.790250201155021e+02  8.056290534096982e+04
2.660000000001510e-07 2.673301000001500e+02  1.533522760290474e+03  9.281467282459209e+03  6.419602605867790e+04  8.350043929614309e+03 -8.148697144489520e+03  7.581765839429088e+04
2.680000000001540e-07 2.693101000001520e+02  3.478807529543804e+03  2.934442430246091e+03  6.945261001752401e+04 -2.328363740629735e+03 -3.265249192065065e+03  8.471459089521119e+04
2.700000000001560e-07 2.712901000001540e+02  3.427647297223406e+03  4.976581475437798e+03  5.600325804893600e+04 -6.968551256992023e+03  2.005595776843384e+03  7.278780388180145e+04
2.720000000001580e-07 2.732701000001570e+02 -8.071527514120214e+02  1.160066644200557e+04  6.598056984305597e+04 -1.470953474264026e+03 -1.213668398019761e+04  6.984105716104734e+04
2.740000000001600e-07 2.752501000001590e+02 -5.549842860439929e+03  9.681222536816926e+03  6.124508804628553e+04 -8.298014460651049e+03 -1.154963512846062e+04  6.909684286398866e+04
2.760000000001630e-07 2.772301000001610e+02  7.884450910850293e+03  7.315651658156476e+03  6.005604222145436e+04 -4.017228886902409e+03 -3.421354287099029e+03  6.328835687320669e+04
2.780000000001650e-07 2.792101000001630e+02  6.218592612612473e+03  5.820553816006741e+03  5.044452641626519e+04 -2.918878675356270e+03 -2.722351402104577e+03  6.798843652106090e+04
2.800000000001670e-07 2.811901000001660e+02 -4.121902012145769e+03 -1.636106028651850e+02  6.486298994341020e+04 -7.574842645224280e+02 -1.544030202688166e+02  7.052685257798250e+04
2.820000000001700e-07 2.831701000001680e+02  8.178915876034764e+02  9.940159712067070e+03  6.485931064895920e+04  1.258508702282903e+03 -6.885972164271335e+03  6.639882618390447e+04
2.840000000001720e-07 2.851501000001700e+02  2.183744697154328e+02  3.015848000680626e+03  6.944187555424160e+04  3.228040077142148e+03 -3.747850499443842e+03  6.610274314105387e+04
2.860000000001740e-07 2.871301000001720e+02  1.053076371702824e+04  9.336349636358074e+03  6.052464241359971e+04 -2.880931673230240e+03 -7.791312087382898e+03  6.916186294266289e+04
2.880000000001760e-07 2.891101000001750e+02  1.205647066571712e+04  4.475192607615917e+03  6.474819111904759e+04 -1.470411953492523e+02 -2.950799673897458e+02  6.588934955501078e+04
2.900000000001790e-07 2.910901000001770e+02 -3.262494991481900e+03  3.042659949493564e+03  6.261591263442721e+04 -1.081464293207140e+03  7.738833851523746e+03  6.282658878141888e+04
2.920000000001810e-07 2.930701000001790e+02 -3.082398697884121e+03  7.522001624843802e+03  6.622823080681865e+04  2.183426168665772e+03  8.791088147300388e+03  6.458746537807804e+04
2.940000000001830e-07 2.950501000001810e+02  6.723517255562743e+03  1.393168446702389e+03  6.618375080070485e+04 -2.116820682730431e+03  1.034935496030797e+04  6.793355355796004e+04
2.960000000001850e-07 2.970301000001840e+02  1.140321647284468e+04  7.432208120938068e+03  6.121482707149236e+04 -1.823266512569273e+03 -9.447078508371337e+02  6.904477974471099e+04
2.980000000001880e-07 2.990101000001860e+02  5.939342206077677e+03  8.859136254037790e+03  6.064255959861675e+04 -1.194107972006595e+03 -4.169235493124700e+03  6.275285612164145e+04
3.000000000001900e-07 3.009901000001880e+02  1.112128959566925e+04  2.204149840014656e+03  5.759717664307946e+04  9.610101331028615e+02  1.382148584107809e+03  7.051807226154832e+04
3.020000000001920e-07 3.029701000001900e+02  8.338031513334683e+03  1.746272837146171e+04  6.311421838881096e+04  8.136441887607217e+03 -1.005731228301553e+04  6.974640188710515e+04
3.040000000001940e-07 3.049501000001920e+02  1.990844226449748e+03  9.803711439036806e+03  5.678622287971352e+04  6.458423452625832e+03 -1.272791187053658e+04  6.378744969394230e+04
3.060000000001970e-07 3.069301000001950e+02 -3.509010979029295e+03  8.812209268121609e+03  5.487246799183873e+04  6.462435593072003e+03  5.028594358990973e+03  6.117837298994298e+04
3.080000000001990e-07 3.089101000001970e+02  9.641548478691779e+03 -3.024495741775101e+03  5.225331887471624e+04 -4.543122795188390e+03  1.619229965847739e+03  6.861992130714942e+04
3.100000000002010e-07 3.108901000001990e+02 -2.473021739325216e+03 -3.065875984324061e+02  5.873979681506392e+04 -5.365311957247224e+03 -1.551008713923746e+04  6.211172623973270e+04
3.120000000002040e-07 3.128701000002010e+02 -7.559899669899795e+02  4.550982293600898e+03  5.928608816604730e+04 -3.172210266321975e+03  3.621762823607060e+03  8.452953760271633e+04
3.140000000002060e-07 3.148501000002040e+02  1.412914411926991e+03  5.627153969443145e+03  5.300307133782867e+04 -5.476704030913911e+03  5.663335205852829e+03  7.671810897779465e+04
3.160000000002080e-07 3.168301000002060e+02 -1.148611601332576e+04  4.900120011855670e+03  5.298781514816354e+04 -6.499681988250049e+03 -9.205159164200557e+03  7.882189060981428e+04
3.180000000002100e-07 3.188101000002080e+02 -1.809073693559924e+04  8.895724074329322e+03  5.180088725782061e+04 -7.252324171013810e+03  6.141082590328256e+02  6.979049251958805e+04
3.200000000002130e-07 3.207901000002100e+02 -1.769187171857456e+04  4.837666875647032e+03  4.298239958679899e+04 -1.151873063190023e+04  9.364497882894955e+03  7.619140771589616e+04
3.220000000002150e-07 3.227701000002130e+02 -1.265269121606897e+04  3.127979181845063e+03  5.446442460454685e+04 -5.719239192426116e+03  6.844006866755915e+03  7.657441365147606e+04
3.240000000002170e-07 3.247501000002150e+02 -1.318634676801368e+04 -3.443626197332965e+03  5.108111223970406e+04 -2.100493988214795e+03  7.398805204630830e+03  6.631431843198417e+04
3.260000000002190e-07 3.267301000002170e+02 -3.039595965057983e+03 -5.729637176629443e+03  4.730578231380422e+04 -5.667774785449707e+03  5.111415715002756e+03  6.336482277684972e+04
3.280000000002220e-07 3.287101000002190e+02 -8.139481611721016e+03 -4.552955265104556e+03  4.408026147357746e+04  6.300372507411324e+01 -1.778387029875606e+03  5.406396402835549e+04
3.300000000002240e-07 3.306901000002220e+02 -2.584693689106865e+03  6.054727827971602e+03  4.335052807765807e+04 -6.951247649933541e+03 -1.413437916105046e+03  5.035278626804348e+04
3.320000000002260e-07 3.326701000002240e+02 -1.017961492272822e+04  7.296573716457274e+03  4.745589718228548e+04 -1.013425364482272e+04  1.224875438711587e+04  5.117735437730769e+04
3.340000000002280e-07 3.346501000002260e+02 -4.661080203651253e+03  8.967888066691286e+03  5.437116152906626e+04 -9.742699446178081e+03  1.698193620470050e+03  4.488414194458126e+04
3.360000000002310e-07 3.366301000002280e+02 -2.271560291870444e+03 -5.885757652225298e+02  5.540452686258565e+04  2.349005622793094e+03 -5.303778880083711e+03  4.125150750173670e+04
3.380000000002330e-07 3.386101000002310e+02  5.823871572450953e+03 -1.575115575079649e+02  4.798234174014274e+04  7.230451677669952e+03 -1.272559814835636e+03  4.464334409347657e+04
3.400000000002350e-07 3.405901000002330e+02  5.118745300896197e+02  1.648571114140386e+03  4.645871096548262e+04 -6.058639109165760e+03 -3.803854176106591e+03  4.364570395531065e+04
3.420000000002380e-07 3.425701000002350e+02 -9.260698943604377e+03  4.920930204908100e+03  4.919846508087100e+04 -5.820679142514938e+03  1.725293398666334e+02  4.796359759475771e+04
3.440000000002400e-07 3.445501000002370e+02 -8.566049344233204e+03  6.843942024102023e+03  4.843270858839892e+04 -1.015653954327097e+04  3.320538261642497e+03  4.776176786347374e+04
3.460000000002420e-07 3.465301000002400e+02 -9.986504630035613e+03 -1.812218640303771e+03  5.525328869174546e+04 -6.084532907066754e+02 -4.629194194115235e+03  4.842529548302131e+04
3.480000000002440e-07 3.485101000002420e+02  1.519813163552509e+03 -5.825537012965251e+02  5.549443097755538e+04  3.969360224652092e+03 -5.622000207201241e+03  5.805312100382928e+04
3.500000000002470e-07 3.504901000002440e+02  2.329656111050801e+03  4.203659774192555e+03  5.230506359904200e+04 -6.351521925580647e+03 -2.658586707523758e+02  5.627453217407215e+04
3.520000000002490e-07 3.524701000002460e+02 -4.125365292212626e+03 -1.203791002801212e+04  5.225774443776323e+04  6.103553249784750e+03 -2.711063680335363e+03  6.158020064550016e+04
3.540000000002510e-07 3.544501000002490e+02  1.089520552124724e+04 -2.591135464908493e+02  5.017840616189199e+04 -1.458675577233261e+03  1.479346505598764e+03  6.425649277028668e+04
3.560000000002530e-07 3.564301000002510e+02  4.713823875462383e+03 -6.268652511140931e+03  5.279520153888870e+04  6.281197015867922e+03 -8.099989218997011e+03  6.012135323900272e+04
3.580000000002560e-07 3.584101000002530e+02  3.826392228734470e+03 -2.032572254156543e+03  5.319391697469199e+04 -2.755881410573271e+03 -8.538254172043606e+02  6.325474288662490e+04
3.600000000002580e-07 3.603901000002550e+02 -1.989142105914083e+03 -1.503741653969212e+04  5.149532037816446e+04  4.143829950795136e+03  1.256863043348220e+03  5.617395775074351e+04
3.620000000002600e-07 3.623701000002580e+02  1.320732364018611e+04 -1.602582436745114e+04  4.176207624220532e+04  2.096498161349617e+03 -4.072340590516191e+03  5.771140600866373e+04
3.640000000002630e-07 3.643501000002600e+02 -3.929303927490088e+03 -4.210495943128146e+03  3.707624892430912e+04 -9.244907352013828e+03 -1.525406578032847e+03  5.444300815822287e+04
3.660000000002650e-07 3.663301000002620e+02 -4.929472099142960e+03  4.832693738725925e+03  4.652222968734491e+04  9.898978157872451e+02 -5.111959245754752e+03  4.606783617084008e+04
3.680000000002670e-07 3.683101000002640e+02 -9.077283535103359e+03 -5.447279655694502e+03  4.078498778193256e+04  3.601164743602972e+02 -1.984703008496087e+03  4.509053210815998e+04
3.700000000002690e-07 3.702901000002670e+02 -8.900216862932914e+03 -3.677223377845255e+03  4.819272510069708e+04  4.098665475848417e+03 -3.024299310091782e+03  4.382922971005877e+04
3.720000000002720e-07 3.722701000002690e+02 -8.257383109488337e+03 -8.123006717412442e+03  3.519825357569278e+04 -6.400419829349198e+03 -1.285341938700839e+04  5.240500309545959e+04
3.740000000002740e-07 3.742501000002710e+02 -1.781592984082192e+04 -4.434544209259001e+03  3.085256302801687e+04 -6.036376222219760e+03  2.694149609535708e+02  5.194952394950580e+04
3.760000000002760e-07 3.762301000002730e+02 -3.435500418158024e+03 -1.347317895365517e+03  3.172130961158792e+04 -5.372775669695390e+03 -1.343078578879495e+03  4.571891058782175e+04
3.780000000002780e-07 3.782101000002760e+02 -2.342454437275139e+03  6.668971367163818e+03  3.801257321752547e+04 -9.137978476496641e+03  2.491763861432306e+03  4.553316979697164e+04
3.800000000002810e-07 3.801901000002780e+02  1.879938075589769e+02  9.503208741172013e+03  2.537573273471410e+04 -4.940697202355692e+03 -2.020524338605895e+03  4.152911885785598e+04
3.820000000002830e-07 3.821701000002800e+02 -7.975086252054057e+03 -1.669427249430235e+03  4.113606019585230e+04 -7.521950167989573e+02 -2.106083679287873e+03  3.833370077490222e+04
3.840000000002850e-07 3.841501000002820e+02  4.152265031770818e+03 -1.363850013323973e+02  3.385749530162441e+04 -9.329096187958410e+03 -1.002781912160812e+04  4.192956775974164e+04
3.860000000002870e-07 3.861301000002850e+02  6.543168982302662e+02  1.048285718445768e+04  3.379092809712933e+04 -1.110894948320000e+04  5.458480247467991e+03  4.250541191840458e+04
3.880000000002900e-07 3.881101000002870e+02 -1.041889334661793e+04 -4.136350722975616e+03  2.222199665171225e+04 -1.370309638878948e+04  1.028145199389852e+04  3.575966615956240e+04
3.900000000002920e-07 3.900901000002890e+02 -5.477559670867133e+03  7.293605871102632e+03  2.653363817041907e+04 -5.876074881331015e+03  5.054020537112156e+03  4.048266377486278e+04
3.920000000002940e-07 3.920701000002910e+02  8.145436532908086e+03  1.368432218190759e+04  2.620820997289376e+04 -1.817731775072300e+03  1.690790143488060e+03  3.362709881020989e+04
3.940000000002970e-07 3.940501000002940e+02  1.274393564330094e+03  1.284851001887612e+04  3.082745657550324e+04  2.868572919900299e+03 -2.587506742554353e+03  4.824445151607027e+04
3.960000000002990e-07 3.960301000002960e+02  1.528617403460985e+03  4.021247793028720e+03  4.477914647051031e+04  9.942997358102557e+03  5.378895239784114e+03  3.939901140169856e+04
3.980000000003010e-07 3.980101000002980e+02 -1.382933035384170e+03 -3.243776001457686e+03  2.203970639986208e+04  2.596801790542650e+03  2.821474823019222e+03  3.523577351444599e+04
4.000000000003030e-07 3.999901000003000e+02  1.771229849670327e+03 -3.732718932353755e+03  3.534887603638041e+04  9.960027254779704e+02 -4.998023475339103e+03  4.889782413070178e+04
