#               t [s]              H_x [A/m]              H_y [A/m]              H_z [A/m]                 T [K]
0.200000000000000E-08  0.000000000000000E+00  0.000000000000000E+00  0.397887357729738E+04 0.597010000000000E+01
0.400000000000002E-08  0.000000000000000E+00  0.000000000000000E+00  0.397887357729738E+04 0.795010000000002E+01
0.599999999999997E-08  0.000000000000000E+00  0.000000000000000E+00  0.397887357729738E+04 0.993009999999997E+01
0.799999999999992E-08  0.000000000000000E+00  0.000000000000000E+00  0.397887357729738E+04 0.119100999999999E+02
0.999999999999988E-08  0.000000000000000E+00  0.000000000000000E+00  0.397887357729738E+04 0.138900999999999E+02
0.119999999999998E-07  0.000000000000000E+00  0.000000000000000E+00  0.397887357729738E+04 0.158700999999998E+02
0.139999999999998E-07  0.000000000000000E+00  0.000000000000000E+00  0.397887357729738E+04 0.178500999999998E+02
0.159999999999999E-07  0.000000000000000E+00  0.000000000000000E+00  0.397887357729738E+04 0.198300999999999E+02
0.180000000000002E-07  0.000000000000000E+00  0.000000000000000E+00  0.397887357729738E+04 0.218101000000002E+02
0.200000000000005E-07  0.000000000000000E+00  0.000000000000000E+00  0.397887357729738E+04 0.237901000000005E+02
0.220000000000008E-07  0.000000000000000E+00  0.000000000000000E+00  0.397887357729738E+04 0.257701000000007E+02
0.240000000000010E-07  0.000000000000000E+00  0.000000000000000E+00  0.397887357729738E+04 0.277501000000010E+02
0.260000000000013E-07  0.000000000000000E+00  0.000000000000000E+00  0.397887357729738E+04 0.297301000000013E+02
0.280000000000016E-07  0.000000000000000E+00  0.000000000000000E+00  0.397887357729738E+04 0.317101000000016E+02
0.300000000000018E-07  0.000000000000000E+00  0.000000000000000E+00  0.397887357729738E+04 0.336901000000018E+02
0.320000000000014E-07  0.000000000000000E+00  0.000000000000000E+00  0.397887357729738E+04 0.356701000000014E+02
0.340000000000011E-07  0.000000000000000E+00  0.000000000000000E+00  0.397887357729738E+04 0.376501000000011E+02
0.360000000000007E-07  0.000000000000000E+00  0.000000000000000E+00  0.397887357729738E+04 0.396301000000007E+02
0.380000000000003E-07  0.000000000000000E+00  0.000000000000000E+00  0.397887357729738E+04 0.416101000000003E+02
0.399999999999999E-07  0.000000000000000E+00  0.000000000000000E+00  0.397887357729738E+04 0.435900999999999E+02
0.419999999999995E-07  0.000000000000000E+00  0.000000000000000E+00  0.397887357729738E+04 0.455700999999996E+02
0.439999999999992E-07  0.000000000000000E+00  0.000000000000000E+00  0.397887357729738E+04 0.475500999999992E+02
0.459999999999988E-07  0.000000000000000E+00  0.000000000000000E+00  0.397887357729738E+04 0.495300999999988E+02
0.479999999999984E-07  0.000000000000000E+00  0.000000000000000E+00  0.397887357729738E+04 0.515100999999984E+02
0.499999999999980E-07  0.000000000000000E+00  0.000000000000000E+00  0.397887357729738E+04 0.534900999999981E+02
0.519999999999977E-07  0.000000000000000E+00  0.000000000000000E+00  0.397887357729738E+04 0.554700999999977E+02
0.539999999999973E-07  0.000000000000000E+00  0.000000000000000E+00  0.397887357729738E+04 0.574500999999973E+02
0.559999999999969E-07  0.000000000000000E+00  0.000000000000000E+00  0.397887357729738E+04 0.594300999999969E+02
0.579999999999965E-07  0.000000000000000E+00  0.000000000000000E+00  0.397887357729738E+04 0.614100999999966E+02
0.599999999999961E-07  0.000000000000000E+00  0.000000000000000E+00  0.397887357729738E+04 0.633900999999962E+02
0.619999999999958E-07  0.000000000000000E+00  0.000000000000000E+00  0.397887357729738E+04 0.653700999999958E+02
0.639999999999954E-07  0.000000000000000E+00  0.000000000000000E+00  0.397887357729738E+04 0.673500999999954E+02
0.659999999999950E-07  0.000000000000000E+00  0.000000000000000E+00  0.397887357729738E+04 0.693300999999951E+02
0.679999999999946E-07  0.000000000000000E+00  0.000000000000000E+00  0.397887357729738E+04 0.713100999999947E+02
0.699999999999942E-07  0.000000000000000E+00  0.000000000000000E+00  0.397887357729738E+04 0.732900999999943E+02
0.719999999999939E-07  0.000000000000000E+00  0.000000000000000E+00  0.397887357729738E+04 0.752700999999939E+02
0.739999999999935E-07  0.000000000000000E+00  0.000000000000000E+00  0.397887357729738E+04 0.772500999999936E+02
0.759999999999931E-07  0.000000000000000E+00  0.000000000000000E+00  0.397887357729738E+04 0.792300999999932E+02
0.779999999999927E-07  0.000000000000000E+00  0.000000000000000E+00  0.397887357729738E+04 0.812100999999928E+02
0.799999999999924E-07  0.000000000000000E+00  0.000000000000000E+00  0.397887357729738E+04 0.831900999999924E+02
0.819999999999920E-07  0.000000000000000E+00  0.000000000000000E+00  0.397887357729738E+04 0.851700999999921E+02
0.839999999999916E-07  0.000000000000000E+00  0.000000000000000E+00  0.397887357729738E+04 0.871500999999917E+02
0.859999999999912E-07  0.000000000000000E+00  0.000000000000000E+00  0.397887357729738E+04 0.891300999999913E+02
0.879999999999908E-07  0.000000000000000E+00  0.000000000000000E+00  0.397887357729738E+04 0.911100999999909E+02
0.899999999999905E-07  0.000000000000000E+00  0.000000000000000E+00  0.397887357729738E+04 0.930900999999906E+02
0.919999999999901E-07  0.000000000000000E+00  0.000000000000000E+00  0.397887357729738E+04 0.950700999999902E+02
0.939999999999897E-07  0.000000000000000E+00  0.000000000000000E+00  0.397887357729738E+04 0.970500999999898E+02
0.959999999999893E-07  0.000000000000000E+00  0.000000000000000E+00  0.397887357729738E+04 0.990300999999894E+02
0.979999999999889E-07  0.000000000000000E+00  0.000000000000000E+00  0.397887357729738E+04 0.101010099999989E+03
0.999999999999886E-07  0.000000000000000E+00  0.000000000000000E+00  0.397887357729738E+04 0.102990099999989E+03
0.101999999999988E-06  0.000000000000000E+00  0.000000000000000E+00  0.397887357729738E+04 0.104970099999988E+03
0.103999999999988E-06  0.000000000000000E+00  0.000000000000000E+00  0.397887357729738E+04 0.106950099999988E+03
0.105999999999987E-06  0.000000000000000E+00  0.000000000000000E+00  0.397887357729738E+04 0.108930099999988E+03
0.107999999999987E-06  0.000000000000000E+00  0.000000000000000E+00  0.397887357729738E+04 0.110910099999987E+03
0.109999999999987E-06  0.000000000000000E+00  0.000000000000000E+00  0.397887357729738E+04 0.112890099999987E+03
0.111999999999986E-06  0.000000000000000E+00  0.000000000000000E+00  0.397887357729738E+04 0.114870099999986E+03
0.113999999999986E-06  0.000000000000000E+00  0.000000000000000E+00  0.397887357729738E+04 0.116850099999986E+03
0.115999999999986E-06  0.000000000000000E+00  0.000000000000000E+00  0.397887357729738E+04 0.118830099999986E+03
0.117999999999985E-06  0.000000000000000E+00  0.000000000000000E+00  0.397887357729738E+04 0.120810099999985E+03
0.119999999999986E-06  0.000000000000000E+00  0.000000000000000E+00  0.397887357729738E+04 0.122790099999986E+03
0.121999999999988E-06  0.000000000000000E+00  0.000000000000000E+00  0.397887357729738E+04 0.124770099999988E+03
0.123999999999990E-06  0.000000000000000E+00  0.000000000000000E+00  0.397887357729738E+04 0.126750099999990E+03
0.125999999999993E-06  0.000000000000000E+00  0.000000000000000E+00  0.397887357729738E+04 0.128730099999993E+03
0.127999999999995E-06  0.000000000000000E+00  0.000000000000000E+00  0.397887357729738E+04 0.130710099999995E+03
0.129999999999997E-06  0.000000000000000E+00  0.000000000000000E+00  0.397887357729738E+04 0.132690099999997E+03
0.131999999999999E-06  0.000000000000000E+00  0.000000000000000E+00  0.397887357729738E+04 0.134670099999999E+03
0.134000000000002E-06  0.000000000000000E+00  0.000000000000000E+00  0.397887357729738E+04 0.136650100000002E+03
0.136000000000004E-06  0.000000000000000E+00  0.000000000000000E+00  0.397887357729738E+04 0.138630100000004E+03
0.138000000000006E-06  0.000000000000000E+00  0.000000000000000E+00  0.397887357729738E+04 0.140610100000006E+03
0.140000000000009E-06  0.000000000000000E+00  0.000000000000000E+00  0.397887357729738E+04 0.142590100000008E+03
0.142000000000011E-06  0.000000000000000E+00  0.000000000000000E+00  0.397887357729738E+04 0.144570100000011E+03
0.144000000000013E-06  0.000000000000000E+00  0.000000000000000E+00  0.397887357729738E+04 0.146550100000013E+03
0.146000000000015E-06  0.000000000000000E+00  0.000000000000000E+00  0.397887357729738E+04 0.148530100000015E+03
0.148000000000018E-06  0.000000000000000E+00  0.000000000000000E+00  0.397887357729738E+04 0.150510100000017E+03
0.150000000000020E-06  0.000000000000000E+00  0.000000000000000E+00  0.397887357729738E+04 0.152490100000020E+03
0.152000000000022E-06  0.000000000000000E+00  0.000000000000000E+00  0.397887357729738E+04 0.154470100000022E+03
0.154000000000024E-06  0.000000000000000E+00  0.000000000000000E+00  0.397887357729738E+04 0.156450100000024E+03
0.156000000000027E-06  0.000000000000000E+00  0.000000000000000E+00  0.397887357729738E+04 0.158430100000026E+03
0.158000000000029E-06  0.000000000000000E+00  0.000000000000000E+00  0.397887357729738E+04 0.160410100000029E+03
0.160000000000031E-06  0.000000000000000E+00  0.000000000000000E+00  0.397887357729738E+04 0.162390100000031E+03
0.162000000000033E-06  0.000000000000000E+00  0.000000000000000E+00  0.397887357729738E+04 0.164370100000033E+03
0.164000000000036E-06  0.000000000000000E+00  0.000000000000000E+00  0.397887357729738E+04 0.166350100000035E+03
0.166000000000038E-06  0.000000000000000E+00  0.000000000000000E+00  0.397887357729738E+04 0.168330100000038E+03
0.168000000000040E-06  0.000000000000000E+00  0.000000000000000E+00  0.397887357729738E+04 0.170310100000040E+03
0.170000000000043E-06  0.000000000000000E+00  0.000000000000000E+00  0.397887357729738E+04 0.172290100000042E+03
0.172000000000045E-06  0.000000000000000E+00  0.000000000000000E+00  0.397887357729738E+04 0.174270100000044E+03
0.174000000000047E-06  0.000000000000000E+00  0.000000000000000E+00  0.397887357729738E+04 0.176250100000047E+03
0.176000000000049E-06  0.000000000000000E+00  0.000000000000000E+00  0.397887357729738E+04 0.178230100000049E+03
0.178000000000052E-06  0.000000000000000E+00  0.000000000000000E+00  0.397887357729738E+04 0.180210100000051E+03
0.180000000000054E-06  0.000000000000000E+00  0.000000000000000E+00  0.397887357729738E+04 0.182190100000053E+03
0.182000000000056E-06  0.000000000000000E+00  0.000000000000000E+00  0.397887357729738E+04 0.184170100000056E+03
0.184000000000058E-06  0.000000000000000E+00  0.000000000000000E+00  0.397887357729738E+04 0.186150100000058E+03
0.186000000000061E-06  0.000000000000000E+00  0.000000000000000E+00  0.397887357729738E+04 0.188130100000060E+03
0.188000000000063E-06  0.000000000000000E+00  0.000000000000000E+00  0.397887357729738E+04 0.190110100000062E+03
0.190000000000065E-06  0.000000000000000E+00  0.000000000000000E+00  0.397887357729738E+04 0.192090100000065E+03
0.192000000000067E-06  0.000000000000000E+00  0.000000000000000E+00  0.397887357729738E+04 0.194070100000067E+03
0.194000000000070E-06  0.000000000000000E+00  0.000000000000000E+00  0.397887357729738E+04 0.196050100000069E+03
0.196000000000072E-06  0.000000000000000E+00  0.000000000000000E+00  0.397887357729738E+04 0.198030100000071E+03
0.198000000000074E-06  0.000000000000000E+00  0.000000000000000E+00  0.397887357729738E+04 0.200010100000074E+03
0.200000000000077E-06  0.000000000000000E+00  0.000000000000000E+00  0.397887357729738E+04 0.201990100000076E+03
0.202000000000079E-06  0.000000000000000E+00  0.000000000000000E+00  0.397887357729738E+04 0.203970100000078E+03
0.204000000000081E-06  0.000000000000000E+00  0.000000000000000E+00  0.397887357729738E+04 0.205950100000080E+03
0.206000000000083E-06  0.000000000000000E+00  0.000000000000000E+00  0.397887357729738E+04 0.207930100000082E+03
0.208000000000086E-06  0.000000000000000E+00  0.000000000000000E+00  0.397887357729738E+04 0.209910100000085E+03
0.210000000000088E-06  0.000000000000000E+00  0.000000000000000E+00  0.397887357729738E+04 0.211890100000087E+03
0.212000000000090E-06  0.000000000000000E+00  0.000000000000000E+00  0.397887357729738E+04 0.213870100000089E+03
0.214000000000092E-06  0.000000000000000E+00  0.000000000000000E+00  0.397887357729738E+04 0.215850100000091E+03
0.216000000000095E-06  0.000000000000000E+00  0.000000000000000E+00  0.397887357729738E+04 0.217830100000094E+03
0.218000000000097E-06  0.000000000000000E+00  0.000000000000000E+00  0.397887357729738E+04 0.219810100000096E+03
0.220000000000099E-06  0.000000000000000E+00  0.000000000000000E+00  0.397887357729738E+04 0.221790100000098E+03
0.222000000000101E-06  0.000000000000000E+00  0.000000000000000E+00  0.397887357729738E+04 0.223770100000100E+03
0.224000000000104E-06  0.000000000000000E+00  0.000000000000000E+00  0.397887357729738E+04 0.225750100000103E+03
0.226000000000106E-06  0.000000000000000E+00  0.000000000000000E+00  0.397887357729738E+04 0.227730100000105E+03
0.228000000000108E-06  0.000000000000000E+00  0.000000000000000E+00  0.397887357729738E+04 0.229710100000107E+03
0.230000000000111E-06  0.000000000000000E+00  0.000000000000000E+00  0.397887357729738E+04 0.231690100000109E+03
0.232000000000113E-06  0.000000000000000E+00  0.000000000000000E+00  0.397887357729738E+04 0.233670100000112E+03
0.234000000000115E-06  0.000000000000000E+00  0.000000000000000E+00  0.397887357729738E+04 0.235650100000114E+03
0.236000000000117E-06  0.000000000000000E+00  0.000000000000000E+00  0.397887357729738E+04 0.237630100000116E+03
0.238000000000120E-06  0.000000000000000E+00  0.000000000000000E+00  0.397887357729738E+04 0.239610100000118E+03
0.240000000000122E-06  0.000000000000000E+00  0.000000000000000E+00  0.397887357729738E+04 0.241590100000121E+03
0.242000000000124E-06  0.000000000000000E+00  0.000000000000000E+00  0.397887357729738E+04 0.243570100000123E+03
0.244000000000126E-06  0.000000000000000E+00  0.000000000000000E+00  0.397887357729738E+04 0.245550100000125E+03
0.246000000000129E-06  0.000000000000000E+00  0.000000000000000E+00  0.397887357729738E+04 0.247530100000127E+03
0.248000000000131E-06  0.000000000000000E+00  0.000000000000000E+00  0.397887357729738E+04 0.249510100000130E+03
0.250000000000133E-06  0.000000000000000E+00  0.000000000000000E+00  0.397887357729738E+04 0.251490100000132E+03
0.252000000000136E-06  0.000000000000000E+00  0.000000000000000E+00  0.397887357729738E+04 0.253470100000134E+03
0.254000000000138E-06  0.000000000000000E+00  0.000000000000000E+00  0.397887357729738E+04 0.255450100000136E+03
0.256000000000140E-06  0.000000000000000E+00  0.000000000000000E+00  0.397887357729738E+04 0.257430100000139E+03
0.258000000000142E-06  0.000000000000000E+00  0.000000000000000E+00  0.397887357729738E+04 0.259410100000141E+03
0.260000000000145E-06  0.000000000000000E+00  0.000000000000000E+00  0.397887357729738E+04 0.261390100000143E+03
0.262000000000147E-06  0.000000000000000E+00  0.000000000000000E+00  0.397887357729738E+04 0.263370100000145E+03
0.264000000000149E-06  0.000000000000000E+00  0.000000000000000E+00  0.397887357729738E+04 0.265350100000148E+03
0.266000000000151E-06  0.000000000000000E+00  0.000000000000000E+00  0.397887357729738E+04 0.267330100000150E+03
0.268000000000154E-06  0.000000000000000E+00  0.000000000000000E+00  0.397887357729738E+04 0.269310100000152E+03
0.270000000000156E-06  0.000000000000000E+00  0.000000000000000E+00  0.397887357729738E+04 0.271290100000154E+03
0.272000000000158E-06  0.000000000000000E+00  0.000000000000000E+00  0.397887357729738E+04 0.273270100000157E+03
0.274000000000160E-06  0.000000000000000E+00  0.000000000000000E+00  0.397887357729738E+04 0.275250100000159E+03
0.276000000000163E-06  0.000000000000000E+00  0.000000000000000E+00  0.397887357729738E+04 0.277230100000161E+03
0.278000000000165E-06  0.000000000000000E+00  0.000000000000000E+00  0.397887357729738E+04 0.279210100000163E+03
0.280000000000167E-06  0.000000000000000E+00  0.000000000000000E+00  0.397887357729738E+04 0.281190100000166E+03
0.282000000000170E-06  0.000000000000000E+00  0.000000000000000E+00  0.397887357729738E+04 0.283170100000168E+03
0.284000000000172E-06  0.000000000000000E+00  0.000000000000000E+00  0.397887357729738E+04 0.285150100000170E+03
0.286000000000174E-06  0.000000000000000E+00  0.000000000000000E+00  0.397887357729738E+04 0.287130100000172E+03
0.288000000000176E-06  0.000000000000000E+00  0.000000000000000E+00  0.397887357729738E+04 0.289110100000175E+03
0.290000000000179E-06  0.000000000000000E+00  0.000000000000000E+00  0.397887357729738E+04 0.291090100000177E+03
0.292000000000181E-06  0.000000000000000E+00  0.000000000000000E+00  0.397887357729738E+04 0.293070100000179E+03
0.294000000000183E-06  0.000000000000000E+00  0.000000000000000E+00  0.397887357729738E+04 0.295050100000181E+03
0.296000000000185E-06  0.000000000000000E+00  0.000000000000000E+00  0.397887357729738E+04 0.297030100000184E+03
0.298000000000188E-06  0.000000000000000E+00  0.000000000000000E+00  0.397887357729738E+04 0.299010100000186E+03
0.300000000000190E-06  0.000000000000000E+00  0.000000000000000E+00  0.397887357729738E+04 0.300990100000188E+03
0.302000000000192E-06  0.000000000000000E+00  0.000000000000000E+00  0.397887357729738E+04 0.302970100000190E+03
0.304000000000194E-06  0.000000000000000E+00  0.000000000000000E+00  0.397887357729738E+04 0.304950100000192E+03
0.306000000000197E-06  0.000000000000000E+00  0.000000000000000E+00  0.397887357729738E+04 0.306930100000195E+03
0.308000000000199E-06  0.000000000000000E+00  0.000000000000000E+00  0.397887357729738E+04 0.308910100000197E+03
0.310000000000201E-06  0.000000000000000E+00  0.000000000000000E+00  0.397887357729738E+04 0.310890100000199E+03
0.312000000000204E-06  0.000000000000000E+00  0.000000000000000E+00  0.397887357729738E+04 0.312870100000201E+03
0.314000000000206E-06  0.000000000000000E+00  0.000000000000000E+00  0.397887357729738E+04 0.314850100000204E+03
0.316000000000208E-06  0.000000000000000E+00  0.000000000000000E+00  0.397887357729738E+04 0.316830100000206E+03
0.318000000000210E-06  0.000000000000000E+00  0.000000000000000E+00  0.397887357729738E+04 0.318810100000208E+03
0.320000000000213E-06  0.000000000000000E+00  0.000000000000000E+00  0.397887357729738E+04 0.320790100000210E+03
0.322000000000215E-06  0.000000000000000E+00  0.000000000000000E+00  0.397887357729738E+04 0.322770100000213E+03
0.324000000000217E-06  0.000000000000000E+00  0.000000000000000E+00  0.397887357729738E+04 0.324750100000215E+03
0.326000000000219E-06  0.000000000000000E+00  0.000000000000000E+00  0.397887357729738E+04 0.326730100000217E+03
0.328000000000222E-06  0.000000000000000E+00  0.000000000000000E+00  0.397887357729738E+04 0.328710100000219E+03
0.330000000000224E-06  0.000000000000000E+00  0.000000000000000E+00  0.397887357729738E+04 0.330690100000222E+03
0.332000000000226E-06  0.000000000000000E+00  0.000000000000000E+00  0.397887357729738E+04 0.332670100000224E+03
0.334000000000228E-06  0.000000000000000E+00  0.000000000000000E+00  0.397887357729738E+04 0.334650100000226E+03
0.336000000000231E-06  0.000000000000000E+00  0.000000000000000E+00  0.397887357729738E+04 0.336630100000228E+03
0.338000000000233E-06  0.000000000000000E+00  0.000000000000000E+00  0.397887357729738E+04 0.338610100000231E+03
0.340000000000235E-06  0.000000000000000E+00  0.000000000000000E+00  0.397887357729738E+04 0.340590100000233E+03
0.342000000000238E-06  0.000000000000000E+00  0.000000000000000E+00  0.397887357729738E+04 0.342570100000235E+03
0.344000000000240E-06  0.000000000000000E+00  0.000000000000000E+00  0.397887357729738E+04 0.344550100000237E+03
0.346000000000242E-06  0.000000000000000E+00  0.000000000000000E+00  0.397887357729738E+04 0.346530100000240E+03
0.348000000000244E-06  0.000000000000000E+00  0.000000000000000E+00  0.397887357729738E+04 0.348510100000242E+03
0.350000000000247E-06  0.000000000000000E+00  0.000000000000000E+00  0.397887357729738E+04 0.350490100000244E+03
0.352000000000249E-06  0.000000000000000E+00  0.000000000000000E+00  0.397887357729738E+04 0.352470100000246E+03
0.354000000000251E-06  0.000000000000000E+00  0.000000000000000E+00  0.397887357729738E+04 0.354450100000249E+03
0.356000000000253E-06  0.000000000000000E+00  0.000000000000000E+00  0.397887357729738E+04 0.356430100000251E+03
0.358000000000256E-06  0.000000000000000E+00  0.000000000000000E+00  0.397887357729738E+04 0.358410100000253E+03
0.360000000000258E-06  0.000000000000000E+00  0.000000000000000E+00  0.397887357729738E+04 0.360390100000255E+03
0.362000000000260E-06  0.000000000000000E+00  0.000000000000000E+00  0.397887357729738E+04 0.362370100000258E+03
0.364000000000263E-06  0.000000000000000E+00  0.000000000000000E+00  0.397887357729738E+04 0.364350100000260E+03
0.366000000000265E-06  0.000000000000000E+00  0.000000000000000E+00  0.397887357729738E+04 0.366330100000262E+03
0.368000000000267E-06  0.000000000000000E+00  0.000000000000000E+00  0.397887357729738E+04 0.368310100000264E+03
0.370000000000269E-06  0.000000000000000E+00  0.000000000000000E+00  0.397887357729738E+04 0.370290100000267E+03
0.372000000000272E-06  0.000000000000000E+00  0.000000000000000E+00  0.397887357729738E+04 0.372270100000269E+03
0.374000000000274E-06  0.000000000000000E+00  0.000000000000000E+00  0.397887357729738E+04 0.374250100000271E+03
0.376000000000276E-06  0.000000000000000E+00  0.000000000000000E+00  0.397887357729738E+04 0.376230100000273E+03
0.378000000000278E-06  0.000000000000000E+00  0.000000000000000E+00  0.397887357729738E+04 0.378210100000276E+03
0.380000000000281E-06  0.000000000000000E+00  0.000000000000000E+00  0.397887357729738E+04 0.380190100000278E+03
0.382000000000283E-06  0.000000000000000E+00  0.000000000000000E+00  0.397887357729738E+04 0.382170100000280E+03
0.384000000000285E-06  0.000000000000000E+00  0.000000000000000E+00  0.397887357729738E+04 0.384150100000282E+03
0.386000000000287E-06  0.000000000000000E+00  0.000000000000000E+00  0.397887357729738E+04 0.386130100000285E+03
0.388000000000290E-06  0.000000000000000E+00  0.000000000000000E+00  0.397887357729738E+04 0.388110100000287E+03
0.390000000000292E-06  0.000000000000000E+00  0.000000000000000E+00  0.397887357729738E+04 0.390090100000289E+03
0.392000000000294E-06  0.000000000000000E+00  0.000000000000000E+00  0.397887357729738E+04 0.392070100000291E+03
0.394000000000297E-06  0.000000000000000E+00  0.000000000000000E+00  0.397887357729738E+04 0.394050100000294E+03
0.396000000000299E-06  0.000000000000000E+00  0.000000000000000E+00  0.397887357729738E+04 0.396030100000296E+03
0.398000000000301E-06  0.000000000000000E+00  0.000000000000000E+00  0.397887357729738E+04 0.398010100000298E+03
0.400000000000303E-06  0.000000000000000E+00  0.000000000000000E+00  0.397887357729738E+04 0.399990100000300E+03
