#               t [s]                 T [K]               ΔM [A/m]        ΔM_fitted [A/m]
2.000000000000000e-09 5.721350000000000e+00 -2.012324685518489e+05 -1.931543072899639e+05
4.000000000000020e-09 7.451350000000020e+00 -1.990895636518105e+05 -1.931543072899639e+05
5.999999999999970e-09 9.181349999999981e+00 -2.001847039532714e+05 -1.931543072899639e+05
7.999999999999919e-09 1.091134999999990e+01 -1.994690513948079e+05 -1.931543072899639e+05
9.999999999999879e-09 1.264134999999990e+01 -1.991260576268579e+05 -1.931543072899639e+05
1.199999999999980e-08 1.437134999999990e+01 -2.002295257296662e+05 -1.931543072899639e+05
1.399999999999980e-08 1.610134999999980e+01 -1.984659359434714e+05 -1.931543072899639e+05
1.599999999999990e-08 1.783134999999990e+01 -1.998747886262063e+05 -1.931543072899639e+05
1.800000000000020e-08 1.956135000000020e+01 -1.994027700325411e+05 -1.931543072899639e+05
2.000000000000050e-08 2.129135000000040e+01 -1.992130245931282e+05 -1.931543072899639e+05
2.200000000000080e-08 2.302135000000070e+01 -1.976815769222935e+05 -1.931543072899639e+05
2.400000000000100e-08 2.475135000000090e+01 -1.981204725513190e+05 -1.931543072899639e+05
2.600000000000130e-08 2.648135000000110e+01 -1.986950009075294e+05 -1.931543072899639e+05
2.800000000000160e-08 2.821135000000140e+01 -1.968023272364076e+05 -1.931543072899639e+05
3.000000000000180e-08 2.994135000000160e+01 -1.996499176318165e+05 -1.931543072899639e+05
3.200000000000140e-08 3.167135000000130e+01 -1.976501635727232e+05 -1.931543072899639e+05
3.400000000000110e-08 3.340135000000090e+01 -1.963265184454611e+05 -1.931543072899639e+05
3.600000000000070e-08 3.513135000000060e+01 -2.004222159922382e+05 -1.931543072899639e+05
3.800000000000030e-08 3.686135000000030e+01 -1.965517379621391e+05 -1.931543072899639e+05
3.999999999999990e-08 3.859134999999990e+01 -1.989856652462309e+05 -1.931543072899639e+05
4.199999999999950e-08 4.032134999999960e+01 -1.953144312663725e+05 -1.931543072899638e+05
4.399999999999920e-08 4.205134999999930e+01 -1.992415192740446e+05 -1.931543072899637e+05
4.599999999999880e-08 4.378134999999900e+01 -1.938777312902788e+05 -1.931543072899632e+05
4.799999999999840e-08 4.551134999999860e+01 -1.966454864961987e+05 -1.931543072899607e+05
4.999999999999800e-08 4.724134999999830e+01 -1.980788572323133e+05 -1.931543072899514e+05
5.199999999999770e-08 4.897134999999800e+01 -2.006339671468201e+05 -1.931543072899184e+05
5.399999999999730e-08 5.070134999999760e+01 -1.945596554066081e+05 -1.931543072898094e+05
5.599999999999690e-08 5.243134999999730e+01 -1.937699609087860e+05 -1.931543072894734e+05
5.799999999999650e-08 5.416134999999700e+01 -1.964102326520669e+05 -1.931543072885002e+05
5.999999999999610e-08 5.589134999999670e+01 -1.993097436930560e+05 -1.931543072858395e+05
6.199999999999580e-08 5.762134999999630e+01 -1.945770997551623e+05 -1.931543072789436e+05
6.399999999999540e-08 5.935134999999600e+01 -1.967730013853186e+05 -1.931543072619358e+05
6.599999999999501e-08 6.108134999999570e+01 -1.937236942473345e+05 -1.931543072218797e+05
6.799999999999460e-08 6.281134999999540e+01 -1.961121450316785e+05 -1.931543071315119e+05
6.999999999999419e-08 6.454134999999501e+01 -1.939750010985240e+05 -1.931543069356590e+05
7.199999999999389e-08 6.627134999999470e+01 -1.952571333685124e+05 -1.931543065268257e+05
7.399999999999350e-08 6.800134999999440e+01 -1.894087487862944e+05 -1.931543057028855e+05
7.599999999999310e-08 6.973134999999399e+01 -1.933854223456817e+05 -1.931543040962262e+05
7.799999999999270e-08 7.146134999999370e+01 -1.921480316678581e+05 -1.931543010588556e+05
7.999999999999240e-08 7.319134999999341e+01 -1.951362513292603e+05 -1.931542954816735e+05
8.199999999999200e-08 7.492134999999310e+01 -1.924172430348658e+05 -1.931542855182395e+05
8.399999999999159e-08 7.665134999999270e+01 -1.941208020428451e+05 -1.931542681738964e+05
8.599999999999120e-08 7.838134999999239e+01 -1.916307464359332e+05 -1.931542387101927e+05
8.799999999999080e-08 8.011134999999210e+01 -1.939933541161172e+05 -1.931541898024995e+05
8.999999999999050e-08 8.184134999999171e+01 -1.902422471288327e+05 -1.931541103760871e+05
9.199999999999010e-08 8.357134999999140e+01 -1.931950006380828e+05 -1.931539840334550e+05
9.399999999998970e-08 8.530134999999110e+01 -1.890799272811246e+05 -1.931537869743448e+05
9.599999999998931e-08 8.703134999999079e+01 -1.869333001836263e+05 -1.931534853007281e+05
9.799999999998890e-08 8.876134999999040e+01 -1.940538332101678e+05 -1.931530315933296e+05
9.999999999998860e-08 9.049134999999011e+01 -1.931664542227476e+05 -1.931523606451577e+05
1.019999999999880e-07 9.222134999998980e+01 -1.929092724861977e+05 -1.931513842421872e+05
1.039999999999880e-07 9.395134999998940e+01 -1.897996819518592e+05 -1.931499848927212e+05
1.059999999999870e-07 9.568134999998910e+01 -1.919214537028897e+05 -1.931480084257297e+05
1.079999999999870e-07 9.741134999998880e+01 -1.949971099727199e+05 -1.931452554049034e+05
1.099999999999870e-07 9.914134999998851e+01 -1.908736214082546e+05 -1.931414713391644e+05
1.119999999999860e-07 1.008713499999880e+02 -1.893550429131390e+05 -1.931363357113245e+05
1.139999999999860e-07 1.026013499999880e+02 -1.861305031946693e+05 -1.931294498934245e+05
1.159999999999860e-07 1.043313499999870e+02 -1.916248058715365e+05 -1.931203240685019e+05
1.179999999999850e-07 1.060613499999870e+02 -1.961914632760131e+05 -1.931083633322339e+05
1.199999999999860e-07 1.077913499999880e+02 -1.888099754545344e+05 -1.930928532018881e+05
1.219999999999880e-07 1.095213499999900e+02 -1.909749374001772e+05 -1.930729448119283e+05
1.239999999999900e-07 1.112513499999920e+02 -1.891381497220397e+05 -1.930476401230159e+05
1.259999999999930e-07 1.129813499999940e+02 -1.918476668618927e+05 -1.930157775116799e+05
1.279999999999950e-07 1.147113499999960e+02 -1.902094912073781e+05 -1.929760181394236e+05
1.299999999999970e-07 1.164413499999980e+02 -1.932595965430260e+05 -1.929268335206634e+05
1.319999999999990e-07 1.181713500000000e+02 -1.918837675193759e+05 -1.928664947172143e+05
1.340000000000020e-07 1.199013500000010e+02 -1.886865387419076e+05 -1.927930635821161e+05
1.360000000000040e-07 1.216313500000030e+02 -1.862553202370164e+05 -1.927043864570223e+05
1.380000000000060e-07 1.233613500000050e+02 -1.857069250588227e+05 -1.925980906953050e+05
1.400000000000090e-07 1.250913500000070e+02 -1.813822031411339e+05 -1.924715843381471e+05
1.420000000000110e-07 1.268213500000090e+02 -1.850634165708586e+05 -1.923220592144104e+05
1.440000000000130e-07 1.285513500000110e+02 -1.823079810941089e+05 -1.921464976686144e+05
1.460000000000150e-07 1.302813500000130e+02 -1.901986172543299e+05 -1.919416830469540e+05
1.480000000000180e-07 1.320113500000150e+02 -1.913095600857615e+05 -1.917042139912085e+05
1.500000000000200e-07 1.337413500000170e+02 -1.898962628779107e+05 -1.914305225071059e+05
1.520000000000220e-07 1.354713500000190e+02 -1.812291632499813e+05 -1.911168956897318e+05
1.540000000000240e-07 1.372013500000210e+02 -1.789433734931719e+05 -1.907595009064112e+05
1.560000000000270e-07 1.389313500000230e+02 -1.840900406109520e+05 -1.903544141595183e+05
1.580000000000290e-07 1.406613500000250e+02 -1.812185358018059e+05 -1.898976512800529e+05
1.600000000000310e-07 1.423913500000270e+02 -1.888316888269622e+05 -1.893852015394604e+05
1.620000000000330e-07 1.441213500000290e+02 -1.850916619273066e+05 -1.888130632136334e+05
1.640000000000360e-07 1.458513500000310e+02 -1.812856357313450e+05 -1.881772805905231e+05
1.660000000000380e-07 1.475813500000330e+02 -1.834394189126809e+05 -1.874739818821426e+05
1.680000000000400e-07 1.493113500000350e+02 -1.804679317025793e+05 -1.866994174833825e+05
1.700000000000430e-07 1.510413500000370e+02 -1.837545456555458e+05 -1.858499980140659e+05
1.720000000000450e-07 1.527713500000390e+02 -1.835629809606058e+05 -1.849223315867368e+05
1.740000000000470e-07 1.545013500000410e+02 -1.776926271493197e+05 -1.839132597602068e+05
1.760000000000490e-07 1.562313500000430e+02 -1.787312500882360e+05 -1.828198916669847e+05
1.780000000000520e-07 1.579613500000450e+02 -1.772704318947255e+05 -1.816396358402691e+05
1.800000000000540e-07 1.596913500000470e+02 -1.839150532387607e+05 -1.803702293118946e+05
1.820000000000560e-07 1.614213500000490e+02 -1.769319622306637e+05 -1.790097636050720e+05
1.840000000000580e-07 1.631513500000510e+02 -1.693506024273630e+05 -1.775567073034342e+05
1.860000000000610e-07 1.648813500000520e+02 -1.694693596869217e+05 -1.760099249392823e+05
1.880000000000630e-07 1.666113500000540e+02 -1.704381034864520e+05 -1.743686920074846e+05
1.900000000000650e-07 1.683413500000560e+02 -1.807458661428844e+05 -1.726327059757976e+05
1.920000000000670e-07 1.700713500000580e+02 -1.697944324150525e+05 -1.708020932260096e+05
1.940000000000700e-07 1.718013500000600e+02 -1.645124163306505e+05 -1.688774119221095e+05
1.960000000000720e-07 1.735313500000620e+02 -1.571150290704063e+05 -1.668596508604492e+05
1.980000000000740e-07 1.752613500000640e+02 -1.533950126934004e+05 -1.647502244116989e+05
2.000000000000770e-07 1.769913500000660e+02 -1.584068966368336e+05 -1.625509637144783e+05
2.020000000000790e-07 1.787213500000680e+02 -1.684027125775330e+05 -1.602641043252690e+05
2.040000000000810e-07 1.804513500000700e+02 -1.676707625644456e+05 -1.578922705681024e+05
2.060000000000830e-07 1.821813500000720e+02 -1.575716061425750e+05 -1.554384568602950e+05
2.080000000000860e-07 1.839113500000740e+02 -1.474595288084896e+05 -1.529060063170178e+05
2.100000000000880e-07 1.856413500000760e+02 -1.471120303764625e+05 -1.502985869577203e+05
2.120000000000900e-07 1.873713500000780e+02 -1.513283882156190e+05 -1.476201658515403e+05
2.140000000000920e-07 1.891013500000800e+02 -1.416256645009364e+05 -1.448749815470043e+05
2.160000000000950e-07 1.908313500000820e+02 -1.520912906693054e+05 -1.420675151339347e+05
2.180000000000970e-07 1.925613500000840e+02 -1.481878445563702e+05 -1.392024602828892e+05
2.200000000000990e-07 1.942913500000860e+02 -1.347653011816215e+05 -1.362846926001575e+05
2.220000000001010e-07 1.960213500000880e+02 -1.436218141410659e+05 -1.333192386248274e+05
2.240000000001040e-07 1.977513500000900e+02 -1.317227303437993e+05 -1.303112447792453e+05
2.260000000001060e-07 1.994813500000920e+02 -1.307386145857020e+05 -1.272659465658713e+05
2.280000000001080e-07 2.012113500000940e+02 -1.206735028393335e+05 -1.241886382826559e+05
2.300000000001110e-07 2.029413500000960e+02 -1.218004853222468e+05 -1.210846435061388e+05
2.320000000001130e-07 2.046713500000980e+02 -1.201843720921140e+05 -1.179592865670593e+05
2.340000000001150e-07 2.064013500001000e+02 -1.238764876846047e+05 -1.148178652178313e+05
2.360000000001170e-07 2.081313500001020e+02 -1.189474637499147e+05 -1.116656246652894e+05
2.380000000001200e-07 2.098613500001030e+02 -1.207375207317236e+05 -1.085077331160046e+05
2.400000000001220e-07 2.115913500001050e+02 -1.161101974107414e+05 -1.053492589556710e+05
2.420000000001240e-07 2.133213500001070e+02 -1.104128651310797e+05 -1.021951496588783e+05
2.440000000001260e-07 2.150513500001090e+02 -1.010968920825856e+05 -9.905021250123286e+04
2.460000000001290e-07 2.167813500001110e+02 -9.885270472321582e+04 -9.591909712270738e+04
2.480000000001310e-07 2.185113500001130e+02 -9.866954986592327e+04 -9.280627996927395e+04
2.500000000001330e-07 2.202413500001150e+02 -8.320929363112233e+04 -8.971605061963298e+04
2.520000000001360e-07 2.219713500001170e+02 -8.778034085021808e+04 -8.665249998522694e+04
2.540000000001380e-07 2.237013500001190e+02 -8.090134554729253e+04 -8.361951035484462e+04
2.560000000001400e-07 2.254313500001210e+02 -7.406292971987609e+04 -8.062074724002213e+04
2.580000000001420e-07 2.271613500001230e+02 -6.303271619342556e+04 -7.765965296413560e+04
2.600000000001450e-07 2.288913500001250e+02 -6.897785949963468e+04 -7.473944192656253e+04
2.620000000001470e-07 2.306213500001270e+02 -5.894839983688868e+04 -7.186309746354188e+04
2.640000000001490e-07 2.323513500001290e+02 -7.172697727077629e+04 -6.903337021928249e+04
2.660000000001510e-07 2.340813500001310e+02 -5.707887483657274e+04 -6.625277793446276e+04
2.680000000001540e-07 2.358113500001330e+02 -6.230610854796380e+04 -6.352360655435276e+04
2.700000000001560e-07 2.375413500001350e+02 -4.647662610702398e+04 -6.084791255536387e+04
2.720000000001580e-07 2.392713500001370e+02 -5.130737196664564e+04 -5.822752638670738e+04
2.740000000001600e-07 2.410013500001390e+02 -3.874083289691706e+04 -5.566405692297249e+04
2.760000000001630e-07 2.427313500001410e+02 -6.144535969841378e+04 -5.315889682365224e+04
2.780000000001650e-07 2.444613500001430e+02 -6.015597504705696e+04 -5.071322869686932e+04
2.800000000001670e-07 2.461913500001450e+02 -3.733720431048357e+04 -4.832803196664422e+04
2.820000000001700e-07 2.479213500001470e+02 -5.532432739634267e+04 -4.600409034590991e+04
2.840000000001720e-07 2.496513500001490e+02 -5.518169709439751e+04 -4.374199982097905e+04
2.860000000001740e-07 2.513813500001510e+02 -4.778698529534019e+04 -4.154217705722214e+04
2.880000000001760e-07 2.531113500001530e+02 -4.775876335048411e+04 -3.940486814021836e+04
2.900000000001790e-07 2.548413500001540e+02 -4.354776833461215e+04 -3.733015757147514e+04
2.920000000001810e-07 2.565713500001560e+02 -2.731565201367626e+04 -3.531797744292362e+04
2.940000000001830e-07 2.583013500001580e+02 -2.787745592982203e+04 -3.336811671970093e+04
2.960000000001850e-07 2.600313500001600e+02 -2.570775566185615e+04 -3.148023056609375e+04
2.980000000001880e-07 2.617613500001620e+02 -3.046554678668557e+04 -2.965384965498749e+04
3.000000000001900e-07 2.634913500001640e+02 -3.701339777535092e+04 -2.788838940656834e+04
3.020000000001920e-07 2.652213500001660e+02 -3.616617186452021e+04 -2.618315910737805e+04
3.040000000001940e-07 2.669513500001680e+02 -2.413859816219606e+04 -2.453737086606128e+04
3.060000000001970e-07 2.686813500001700e+02 -2.421984772447749e+04 -2.295014836722393e+04
3.080000000001990e-07 2.704113500001720e+02 -2.593750807413128e+04 -2.142053538971726e+04
3.100000000002010e-07 2.721413500001740e+02 -2.464561871038693e+04 -1.994750406035566e+04
3.120000000002040e-07 2.738713500001760e+02 -2.104947799132078e+04 -1.852996281851827e+04
3.140000000002060e-07 2.756013500001780e+02 -7.498588138490333e+03 -1.716676407129399e+04
3.160000000002080e-07 2.773313500001800e+02 -1.396921871546286e+04 -1.585671152277032e+04
3.180000000002100e-07 2.790613500001820e+02 -1.362447560649186e+04 -1.459856716474075e+04
3.200000000002130e-07 2.807913500001840e+02 -3.446019213270527e+03 -1.339105791950700e+04
3.220000000002150e-07 2.825213500001860e+02 -1.798366713919283e+04 -1.223288192858096e+04
3.240000000002170e-07 2.842513500001880e+02 -1.503565867613966e+04 -1.112271448395331e+04
3.260000000002190e-07 2.859813500001900e+02 -1.287193423043872e+04 -1.005921360118522e+04
3.280000000002220e-07 2.877113500001920e+02 -1.956234558818286e+04 -9.041025235913901e+03
3.300000000002240e-07 2.894413500001940e+02 -1.603200545418821e+04 -8.066788147450745e+03
3.320000000002260e-07 2.911713500001960e+02 -6.674679391751597e+03 -7.135138414988675e+03
3.340000000002280e-07 2.929013500001980e+02 -4.201235442531106e+03 -6.244713613550429e+03
3.360000000002310e-07 2.946313500002000e+02 -1.395823442928680e+04 -5.394156658210075e+03
3.380000000002330e-07 2.963613500002020e+02  3.082767211738821e+03 -4.582119326303827e+03
3.400000000002350e-07 2.980913500002040e+02  1.796966166709499e+03 -3.807265468354262e+03
3.420000000002380e-07 2.998213500002050e+02  1.023576078517362e+02 -3.068273919245019e+03
3.440000000002400e-07 3.015513500002070e+02  1.156543494232609e+04 -2.363841121844694e+03
3.460000000002420e-07 3.032813500002090e+02 -8.986519639752078e+01 -1.692683475782805e+03
3.480000000002440e-07 3.050113500002110e+02  5.948177260319258e+03 -1.053539424438237e+03
3.500000000002470e-07 3.067413500002130e+02  3.903125790497994e+03 -4.451712934465303e+02
3.520000000002490e-07 3.084713500002150e+02 -9.289131679327045e+03  1.336331058453750e+02
3.540000000002510e-07 3.102013500002170e+02  1.847618829248158e+04  6.840590945278715e+02
3.560000000002530e-07 3.119313500002190e+02  3.614912168710413e+03  1.207263952499512e+03
3.580000000002560e-07 3.136613500002210e+02  1.075376721627326e+04  1.704375939826114e+03
3.600000000002580e-07 3.153913500002230e+02  1.109101014302515e+04  2.176493500075746e+03
3.620000000002600e-07 3.171213500002250e+02  8.540275803372133e+03  2.624684632894070e+03
3.640000000002630e-07 3.188513500002270e+02  2.585464065997576e+04  3.049986423416417e+03
3.660000000002650e-07 3.205813500002290e+02  1.476479409339717e+04  3.453404716489433e+03
3.680000000002670e-07 3.223113500002310e+02  1.234017460757097e+04  3.835913924080351e+03
3.700000000002690e-07 3.240413500002330e+02  9.525207765004270e+03  4.198456954697227e+03
3.720000000002720e-07 3.257713500002350e+02  2.038347576811926e+04  4.541945254099210e+03
3.740000000002740e-07 3.275013500002370e+02  2.582799490263395e+04  4.867258947058054e+03
3.760000000002760e-07 3.292313500002390e+02 -1.681944644492958e+04  5.175247070418975e+03
3.780000000002780e-07 3.309613500002410e+02 -2.707331231544573e+03  5.466727888206170e+03
3.800000000002810e-07 3.326913500002430e+02 -3.430780706760750e+03  5.742489280017619e+03
3.820000000002830e-07 3.344213500002450e+02 -1.545620129109431e+04  6.003289194449393e+03
3.840000000002850e-07 3.361513500002470e+02 -1.063347555924687e+04  6.249856159784837e+03
3.860000000002870e-07 3.378813500002490e+02 -4.508504849892503e+03  6.482889844668530e+03
3.880000000002900e-07 3.396113500002510e+02 -1.796122918205118e+04  6.703061661961977e+03
3.900000000002920e-07 3.413413500002530e+02 -1.333567757585948e+04  6.911015409441883e+03
3.920000000002940e-07 3.430713500002550e+02 -8.058914852488015e+02  7.107367941453424e+03
3.940000000002970e-07 3.448013500002560e+02  2.766156901929622e+03  7.292709866066770e+03
3.960000000002990e-07 3.465313500002580e+02  7.307922880948456e+03  7.467606262706769e+03
3.980000000003010e-07 3.482613500002600e+02  1.345284644131466e+04  7.632597415625572e+03
4.000000000003030e-07 3.499913500002620e+02  2.214977439542596e+04  7.788199558979519e+03
