#               t [s]                 T [K]             ρTB [A/mK]      ρTB_fitted [A/mK]
2.000000000000000e-09 5.721350000000000e+00 -2.402463303182907e+02  0.000000000000000e+00
4.000000000000020e-09 7.451350000000020e+00  2.969237838344488e+02  0.000000000000000e+00
5.999999999999970e-09 9.181349999999981e+00  2.800425882544150e+02  0.000000000000000e+00
7.999999999999919e-09 1.091134999999990e+01 -6.813846503137029e+01  7.275957614183426e-12
9.999999999999879e-09 1.264134999999990e+01 -1.237326425923384e+02  0.000000000000000e+00
1.199999999999980e-08 1.437134999999990e+01 -3.949392876711063e+02  7.275957614183426e-12
1.399999999999980e-08 1.610134999999980e+01 -2.404595063220913e+02  0.000000000000000e+00
1.599999999999990e-08 1.783134999999990e+01 -1.082097276977584e+01 -7.275957614183426e-12
1.800000000000020e-08 1.956135000000020e+01  2.980981300413114e+02  7.275957614183426e-12
2.000000000000050e-08 2.129135000000040e+01  9.797039931502004e+02 -1.455191522836685e-11
2.200000000000080e-08 2.302135000000070e+01 -8.486439211355901e+01  1.455191522836685e-11
2.400000000000100e-08 2.475135000000090e+01 -5.225880545182008e+02  0.000000000000000e+00
2.600000000000130e-08 2.648135000000110e+01  2.812623546960531e+02 -7.275957614183426e-12
2.800000000000160e-08 2.821135000000140e+01 -4.752936832428895e+02  7.275957614183426e-12
3.000000000000180e-08 2.994135000000160e+01 -3.113644367352899e+02 -7.275957614183426e-12
3.200000000000140e-08 3.167135000000130e+01  1.647645194716519e+03  0.000000000000000e+00
3.400000000000110e-08 3.340135000000090e+01  4.542886730425671e+02  0.000000000000000e+00
3.600000000000070e-08 3.513135000000060e+01 -7.367281145705056e+01  0.000000000000000e+00
3.800000000000030e-08 3.686135000000030e+01 -1.860299428366125e+02  0.000000000000000e+00
3.999999999999990e-08 3.859134999999990e+01 -9.519526083332894e+02  0.000000000000000e+00
4.199999999999950e-08 4.032134999999960e+01  3.623462988715255e+02  0.000000000000000e+00
4.399999999999920e-08 4.205134999999930e+01  1.104984630159444e+03  2.182787284255028e-11
4.599999999999880e-08 4.378134999999900e+01 -2.290601145277906e+02  7.275957614183426e-11
4.799999999999840e-08 4.551134999999860e+01 -7.075613230654344e+02  3.492459654808044e-10
4.999999999999800e-08 4.724134999999830e+01  1.116749689637989e+03  1.418811734765768e-09
5.199999999999770e-08 4.897134999999800e+01  5.739698201587598e+02  5.493347998708487e-09
5.399999999999730e-08 5.070134999999760e+01 -4.741258019723173e+02  1.973239704966545e-08
5.599999999999690e-08 5.243134999999730e+01 -2.935383242962562e+02  6.592745194211602e-08
5.799999999999650e-08 5.416134999999700e+01 -2.103551224849507e+02  2.062151907011867e-07
5.999999999999610e-08 5.589134999999670e+01 -1.044206748679346e+03  6.068512448109686e-07
6.199999999999580e-08 5.762134999999630e+01  6.954798464372361e+02  1.687483745627105e-06
6.399999999999540e-08 5.935134999999600e+01  2.428601786648142e+02  4.451278073247522e-06
6.599999999999501e-08 6.108134999999570e+01 -4.334371632134134e+02  1.117841020459309e-05
6.799999999999460e-08 6.281134999999540e+01  6.738514555539150e+02  2.681218029465526e-05
6.999999999999419e-08 6.454134999999501e+01 -2.513976916126339e+02  6.160644988995045e-05
7.199999999999389e-08 6.627134999999470e+01  1.075775658459941e+03  1.359686939395033e-04
7.399999999999350e-08 6.800134999999440e+01  5.938935967499201e+02  2.889665338443592e-04
7.599999999999310e-08 6.973134999999399e+01 -7.460352032145456e+02  5.927090096520260e-04
7.799999999999270e-08 7.146134999999370e+01  1.219588200073027e+03  1.175793848233297e-03
7.999999999999240e-08 7.319134999999341e+01  1.490202793988741e+03  2.260245535580907e-03
8.199999999999200e-08 7.492134999999310e+01 -1.099052634459440e+02  4.217835987219587e-03
8.399999999999159e-08 7.665134999999270e+01 -1.852038423331760e+03  7.653323831618764e-03
8.599999999999120e-08 7.838134999999239e+01 -7.922227881743165e+02  1.352386566577479e-02
8.799999999999080e-08 8.011134999999210e+01  1.067921664019173e+03  2.330548343161354e-02
8.999999999999050e-08 8.184134999999171e+01  1.000752594932084e+03  3.921881640417268e-02
9.199999999999010e-08 8.357134999999140e+01 -2.501594479168270e+02  6.452719898516079e-02
9.399999999998970e-08 8.530134999999110e+01 -1.818695325078159e+03  1.039201303792652e-01
9.599999999998931e-08 8.703134999999079e+01  4.635986756399216e+02  1.639941878602258e-01
9.799999999998890e-08 8.876134999999040e+01  1.333451983644598e+03  2.538411684217863e-01
9.999999999998860e-08 9.049134999999011e+01  7.006382554935772e+02  3.857495815609582e-01
1.019999999999880e-07 9.222134999998980e+01  5.440224572788866e+02  5.760205121623585e-01
1.039999999999880e-07 9.395134999998940e+01 -2.328116393986274e+03  8.458924006336019e-01
1.059999999999870e-07 9.568134999998910e+01  3.675028967411708e+02  1.222561654183664e+00
1.079999999999870e-07 9.741134999998880e+01  2.718784703290403e+03  1.740277542179683e+00
1.099999999999870e-07 9.914134999998851e+01 -5.833318124349680e+02  2.441480998735642e+00
1.119999999999860e-07 1.008713499999880e+02  6.350991812729771e+02  3.377948298679257e+00
1.139999999999860e-07 1.026013499999880e+02  1.048655383029640e+03  4.611892695524148e+00
1.159999999999860e-07 1.043313499999870e+02 -1.288793955049106e+03  6.216970620844222e+00
1.179999999999850e-07 1.060613499999870e+02 -1.604516702124318e+03  8.279134523349057e+00
1.199999999999860e-07 1.077913499999880e+02  3.352657191691833e+01  1.089727236147155e+01
1.219999999999880e-07 1.095213499999900e+02  2.216935856637065e+02  1.418357452998316e+01
1.239999999999900e-07 1.112513499999920e+02  8.518892702715020e+02  1.826357280227967e+01
1.259999999999930e-07 1.129813499999940e+02  1.465095463500853e+03  2.327580274498905e+01
1.279999999999950e-07 1.147113499999960e+02 -7.798505966535959e+02  2.937105085180519e+01
1.299999999999970e-07 1.164413499999980e+02  1.585484679678339e+02  3.671116002125200e+01
1.319999999999990e-07 1.181713500000000e+02 -2.841675468158792e+02  4.546738146968710e+01
1.340000000000020e-07 1.199013500000010e+02 -1.998154298866662e+03  5.581827710668585e+01
1.360000000000040e-07 1.216313500000030e+02  2.064713083780189e+03  6.794719308666390e+01
1.380000000000060e-07 1.233613500000050e+02  8.119182609880008e+02  8.203934192269662e+01
1.400000000000090e-07 1.250913500000070e+02 -8.402009022130806e+02  9.827854643821047e+01
1.420000000000110e-07 1.268213500000090e+02  2.765139094635662e+03  1.168437132101826e+02
1.440000000000130e-07 1.285513500000110e+02 -1.511106400843462e+03  1.379051153747787e+02
1.460000000000150e-07 1.302813500000130e+02 -1.535153997351197e+03  1.616205741860831e+02
1.480000000000180e-07 1.320113500000150e+02  1.046586923964387e+03  1.881316351413334e+02
1.500000000000200e-07 1.337413500000170e+02  1.345144707070460e+03  2.175598375643167e+02
1.520000000000220e-07 1.354713500000190e+02  2.249703594197286e+03  2.500031761809150e+02
1.540000000000240e-07 1.372013500000210e+02 -5.456108081904749e+02  2.855328494945934e+02
1.560000000000270e-07 1.389313500000230e+02 -1.810991828717146e+03  3.241903828810828e+02
1.580000000000290e-07 1.406613500000250e+02 -8.266522839335303e+02  3.659852046039741e+02
1.600000000000310e-07 1.423913500000270e+02 -6.535194011146086e+01  4.108927408436357e+02
1.620000000000330e-07 1.441213500000290e+02 -5.472826623261208e+02  4.588530818409126e+02
1.640000000000360e-07 1.458513500000310e+02  1.700185660948402e+03  5.097702559442769e+02
1.660000000000380e-07 1.475813500000330e+02  3.079158609843886e+03  5.635121322950145e+02
1.680000000000400e-07 1.493113500000350e+02  1.425248617326426e+03  6.199109566634361e+02
1.700000000000430e-07 1.510413500000370e+02 -1.874288353126904e+03  6.787645091041850e+02
1.720000000000450e-07 1.527713500000390e+02  3.829344746988718e+02  7.398378571255016e+02
1.740000000000470e-07 1.545013500000410e+02  3.474334322046096e+03  8.028656643983995e+02
1.760000000000490e-07 1.562313500000430e+02 -3.175477204170820e+02  8.675550030150116e+02
1.780000000000520e-07 1.579613500000450e+02  1.540971149579265e+03  9.335886072191643e+02
1.800000000000540e-07 1.596913500000470e+02  2.432382268947418e+03  1.000628498552847e+03
1.820000000000560e-07 1.614213500000490e+02 -1.228601531296299e+02  1.068319906593053e+03
1.840000000000580e-07 1.631513500000510e+02 -1.357422752364080e+03  1.136295405915225e+03
1.860000000000610e-07 1.648813500000520e+02 -1.679956318623372e+02  1.204179188551643e+03
1.880000000000630e-07 1.666113500000540e+02  4.337278369556443e+02  1.271591391903654e+03
1.900000000000650e-07 1.683413500000560e+02 -1.001092600300231e+03  1.338152404639739e+03
1.920000000000670e-07 1.700713500000580e+02  2.818984125414718e+03  1.403487077356978e+03
1.940000000000700e-07 1.718013500000600e+02  1.228151766983785e+03  1.467228770452857e+03
1.960000000000720e-07 1.735313500000620e+02  5.020127542441944e+03  1.529023178488045e+03
1.980000000000740e-07 1.752613500000640e+02  1.582100576490768e+03  1.588531878047375e+03
2.000000000000770e-07 1.769913500000660e+02  1.042300553601955e+03  1.645435554451047e+03
2.020000000000790e-07 1.787213500000680e+02  2.164349950311647e+03  1.699436871375707e+03
2.040000000000810e-07 1.804513500000700e+02 -2.983507238847371e+03  1.750262956266080e+03
2.060000000000830e-07 1.821813500000720e+02  9.593684594698716e+02  1.797667483130856e+03
2.080000000000860e-07 1.839113500000740e+02  1.975793387016784e+03  1.841432342728105e+03
2.100000000000880e-07 1.856413500000760e+02  2.471747218293407e+03  1.881368898082532e+03
2.120000000000900e-07 1.873713500000780e+02  1.607803446963873e+03  1.917318830605320e+03
2.140000000000920e-07 1.891013500000800e+02  2.745555483249336e+02  1.949154588697478e+03
2.160000000000950e-07 1.908313500000820e+02  2.819074492986860e+03  1.976779456534859e+03
2.180000000000970e-07 1.925613500000840e+02  4.111198060386370e+03  2.000127265706738e+03
2.200000000000990e-07 1.942913500000860e+02  1.416608537141721e+03  2.019161776483947e+03
2.220000000001010e-07 1.960213500000880e+02  1.798001236878052e+03  2.033875758731425e+03
2.240000000001040e-07 1.977513500000900e+02  1.842175241935591e+03  2.044289804877109e+03
2.260000000001060e-07 1.994813500000920e+02  5.802202195114303e+03  2.050450908930630e+03
2.280000000001080e-07 2.012113500000940e+02  3.803469331214103e+03  2.052430846377774e+03
2.300000000001110e-07 2.029413500000960e+02  1.838473169580986e+03  2.050324389915822e+03
2.320000000001130e-07 2.046713500000980e+02  2.530201373184067e+03  2.044247395511789e+03
2.340000000001150e-07 2.064013500001000e+02  1.175478669075725e+03  2.034334792238096e+03
2.360000000001170e-07 2.081313500001020e+02  2.003736843523675e+03  2.020738507850736e+03
2.380000000001200e-07 2.098613500001030e+02  2.464556077971247e+02  2.003625360196795e+03
2.400000000001220e-07 2.115913500001050e+02  4.832578747596064e+03  1.983174942351536e+03
2.420000000001240e-07 2.133213500001070e+02  1.914299651680478e+03  1.959577526972214e+03
2.440000000001260e-07 2.150513500001090e+02 -1.016996613803276e+02  1.933032012771095e+03
2.460000000001290e-07 2.167813500001110e+02  2.431643662758495e+03  1.903743933336507e+03
2.480000000001310e-07 2.185113500001130e+02  1.227445229020574e+03  1.871923545813217e+03
2.500000000001330e-07 2.202413500001150e+02  3.025255585938925e+03  1.837784014252436e+03
2.520000000001360e-07 2.219713500001170e+02  1.472886597544610e+03  1.801539699799716e+03
2.540000000001380e-07 2.237013500001190e+02  4.641768666643584e+02  1.763404567340876e+03
2.560000000001400e-07 2.254313500001210e+02  3.777902006145672e+03  1.723590715811843e+03
2.580000000001420e-07 2.271613500001230e+02  1.932014726533776e+03  1.682307037117593e+03
2.600000000001450e-07 2.288913500001250e+02  4.970974692739255e+02  1.639758006512144e+03
2.620000000001470e-07 2.306213500001270e+02 -5.591134894066709e+02  1.596142605395024e+03
2.640000000001490e-07 2.323513500001290e+02  1.903407540955213e+03  1.551653375769081e+03
2.660000000001510e-07 2.340813500001310e+02  8.249106476366444e+03  1.506475604097646e+03
2.680000000001540e-07 2.358113500001330e+02 -1.448331797457355e+03  1.460786630990373e+03
2.700000000001560e-07 2.375413500001350e+02 -2.046708600377959e+03  1.414755282030548e+03
2.720000000001580e-07 2.392713500001370e+02  4.463748618422287e+03  1.368541414131350e+03
2.740000000001600e-07 2.410013500001390e+02  1.830276089587916e+03  1.322295571059087e+03
2.760000000001630e-07 2.427313500001410e+02 -1.457541033447204e+03  1.276158741184334e+03
2.780000000001650e-07 2.444613500001430e+02 -1.850710072436174e+03  1.230262210097035e+03
2.800000000001670e-07 2.461913500001450e+02 -7.360478639078065e+02  1.184727500441628e+03
2.820000000001700e-07 2.479213500001470e+02 -1.220882064855514e+03  1.139666391177512e+03
2.840000000001720e-07 2.496513500001490e+02  2.691132515566749e+03  1.095181008435909e+03
2.860000000001740e-07 2.513813500001510e+02  9.461990131681736e+03  1.051363980206454e+03
2.880000000001760e-07 2.531113500001530e+02  2.443208823627754e+03  1.008298647244123e+03
2.900000000001790e-07 2.548413500001540e+02 -5.980095157791037e+03  9.660593228137650e+02
2.920000000001810e-07 2.565713500001560e+02  2.964035958565983e+03  9.247115941784523e+02
2.940000000001830e-07 2.583013500001580e+02  4.533002493286099e+03  8.843126590803377e+02
2.960000000001850e-07 2.600313500001600e+02 -2.348441545896984e+03  8.449116908403885e+02
2.980000000001880e-07 2.617613500001620e+02 -1.111246216927681e+03  8.065502261138654e+02
3.000000000001900e-07 2.634913500001640e+02  3.081434416970947e+03  7.692625697663370e+02
3.020000000001920e-07 2.652213500001660e+02  2.732423529022271e+03  7.330762117764552e+02
3.040000000001940e-07 2.669513500001680e+02 -1.132735928778586e+03  6.980122515171388e+02
3.060000000001970e-07 2.686813500001700e+02 -5.820904895933309e+02  6.640858252125072e+02
3.080000000001990e-07 2.704113500001720e+02  8.190182259947869e+02  6.313065328027833e+02
3.100000000002010e-07 2.721413500001740e+02 -1.512586377498017e+03  5.996788608773873e+02
3.120000000002040e-07 2.738713500001760e+02 -1.313777106777702e+03  5.692025987468996e+02
3.140000000002060e-07 2.756013500001780e+02  2.275630175085971e+03  5.398732451155888e+02
3.160000000002080e-07 2.773313500001800e+02  1.358762286092451e+02  5.116824031893798e+02
3.180000000002100e-07 2.790613500001820e+02  3.627335832694521e+03  4.846181624027299e+02
3.200000000002130e-07 2.807913500001840e+02  6.946764324080452e+03  4.586654652741017e+02
3.220000000002150e-07 2.825213500001860e+02  3.493408740620842e+03  4.338064581998628e+02
3.240000000002170e-07 2.842513500001880e+02 -2.869968444904417e+03  4.100208252742946e+02
3.260000000002190e-07 2.859813500001900e+02 -2.530984441993694e+03  3.872861044751862e+02
3.280000000002220e-07 2.877113500001920e+02  6.521454771908611e+01  3.655779857808186e+02
3.300000000002240e-07 2.894413500001940e+02 -1.121514057970513e+03  3.448705909895609e+02
3.320000000002260e-07 2.911713500001960e+02  7.655399287143786e+02  3.251367351941888e+02
3.340000000002280e-07 2.929013500001980e+02  3.627509487933135e+03  3.063481700211855e+02
3.360000000002310e-07 2.946313500002000e+02  6.794919143654446e+02  2.884758088850322e+02
3.380000000002330e-07 2.963613500002020e+02 -2.863589389080447e+03  2.714899346260970e+02
3.400000000002350e-07 2.980913500002040e+02  1.137137095643225e+03  2.553603900013104e+02
3.420000000002380e-07 2.998213500002050e+02 -2.905670641691102e+03  2.400567515808295e+02
3.440000000002400e-07 3.015513500002070e+02 -2.856391907429192e+03  2.255484876724154e+02
3.460000000002420e-07 3.032813500002090e+02  3.073091069572638e+01  2.118051009494725e+02
3.480000000002440e-07 3.050113500002110e+02 -3.677942474599292e+03  1.987962564995318e+02
3.500000000002470e-07 3.067413500002130e+02 -5.469379897355133e+03  1.864918960402418e+02
3.520000000002490e-07 3.084713500002150e+02  2.524880567956630e+03  1.748623390685635e+02
3.540000000002510e-07 3.102013500002170e+02  4.309949776463283e+03  1.638783717197505e+02
3.560000000002530e-07 3.119313500002190e+02 -7.271709926764224e+02  1.535113241140283e+02
3.580000000002560e-07 3.136613500002210e+02 -1.551894818823635e+02  1.437331369642919e+02
3.600000000002580e-07 3.153913500002230e+02 -2.782098100935327e+02  1.345164182071176e+02
3.620000000002600e-07 3.171213500002250e+02 -1.937353066989923e+03  1.258344904027528e+02
3.640000000002630e-07 3.188513500002270e+02  1.959161547653669e+03  1.176614296303106e+02
3.660000000002650e-07 3.205813500002290e+02  4.035240733844222e+03  1.099720965792750e+02
3.680000000002670e-07 3.223113500002310e+02  6.001679949147437e+03  1.027421605121737e+02
3.700000000002690e-07 3.240413500002330e+02  5.563677530605461e+03  9.594811674449745e+01
3.720000000002720e-07 3.257713500002350e+02 -3.280403453536797e+03  8.956729825676393e+01
3.740000000002740e-07 3.275013500002370e+02 -1.005241274564703e+03  8.357788202232170e+01
3.760000000002760e-07 3.292313500002390e+02  3.589184555938092e+03  7.795889060140306e+01
3.780000000002780e-07 3.309613500002410e+02  1.055553604491413e+03  7.269018952008864e+01
3.800000000002810e-07 3.326913500002430e+02 -4.365754896853241e+02  6.775248091917037e+01
3.820000000002830e-07 3.344213500002450e+02  7.831386366422976e+01  6.312729392594247e+01
3.840000000002850e-07 3.361513500002470e+02 -4.886345065117242e+03  5.879697217006711e+01
3.860000000002870e-07 3.378813500002490e+02 -6.027447659791846e+03  5.474465883338979e+01
3.880000000002900e-07 3.396113500002510e+02  1.299957489338009e+03  5.095427959371906e+01
3.900000000002920e-07 3.413413500002530e+02  1.733349779863608e+03  4.741052379309616e+01
3.920000000002940e-07 3.430713500002550e+02  1.917958924286257e+03  4.409882413349538e+01
3.940000000002970e-07 3.448013500002560e+02  4.230687953364209e+03  4.100533517625439e+01
3.960000000002990e-07 3.465313500002580e+02 -2.972144986282373e+03  3.811691089601584e+01
3.980000000003010e-07 3.482613500002600e+02 -4.659722583131472e+03  3.542108151606936e+01
4.000000000003030e-07 3.499913500002620e+02  2.508291891394554e+02  3.411979836118309e+01
