#               t [s]                H [A/m]           M-Mean [A/m]      M-Std.Dev. [A/m]         M-Error [A/m]
2.000000000000000e-09  1.590764097306140e+05  4.136141635929291e+05 8.970511558929408e+02 9.218889175253353e+02
4.000000000000020e-09  1.588408871497190e+05  4.135436478495259e+05 8.157833435121742e+02 8.383709430004818e+02
5.999999999999970e-09  1.584486077815770e+05  4.137764860194252e+05 9.265292756258917e+02 9.521832343129228e+02
7.999999999999919e-09  1.578999587585840e+05  4.137173403335209e+05 1.066920396302070e+03 1.096461537083180e+03
9.999999999999879e-09  1.571954815311180e+05  4.135975632678611e+05 6.902375069143209e+02 7.093489639966215e+02
1.199999999999980e-08  1.563358713331880e+05  4.132730699117002e+05 1.331325442948963e+03 1.368187492331411e+03
1.399999999999980e-08  1.553219764963250e+05  4.124890124967204e+05 5.405814598526837e+02 5.555492053981955e+02
1.599999999999990e-08  1.541547976123780e+05  4.120859950764386e+05 1.460620496210968e+03 1.501062497184888e+03
1.800000000000020e-08  1.528354865460570e+05  4.125741415543879e+05 1.529135838348025e+03 1.571474908095540e+03
2.000000000000050e-08  1.513653452981720e+05  4.125039756820614e+05 9.337170888025466e+02 9.595700653372971e+02
2.200000000000080e-08  1.497458247207240e+05  4.118060361477971e+05 1.319576062800518e+03 1.356112792604993e+03
2.400000000000100e-08  1.479785230850860e+05  4.115463420645706e+05 1.075654962770857e+03 1.105437948265603e+03
2.600000000000130e-08  1.460651845046990e+05  4.103364346641811e+05 9.892199281690065e+02 1.016609680265606e+03
2.800000000000160e-08  1.440076972138480e+05  4.100829453169847e+05 8.218171923736377e+02 8.445718584765551e+02
3.000000000000180e-08  1.418080917041970e+05  4.094607550241653e+05 1.231186368389168e+03 1.265275743718788e+03
3.200000000000140e-08  1.394685387209460e+05  4.087069947611631e+05 8.817364266262637e+02 9.061501504627180e+02
3.400000000000110e-08  1.369913471205580e+05  4.081613838910203e+05 1.236260486035959e+03 1.270490354718469e+03
3.600000000000070e-08  1.343789615922040e+05  4.075013607056597e+05 7.411170395816772e+02 7.616372610316035e+02
3.800000000000030e-08  1.316339602451470e+05  4.059747385258060e+05 1.006208029509330e+03 1.034068152118142e+03
3.999999999999990e-08  1.287590520644600e+05  4.058343166908904e+05 1.683586677963503e+03 1.730202218582374e+03
4.199999999999950e-08  1.257570742375820e+05  4.042179488176602e+05 1.927545166764899e+03 1.980915486922532e+03
4.399999999999920e-08  1.226309893543600e+05  4.029386494318839e+05 1.313789183902558e+03 1.350165685254376e+03
4.599999999999880e-08  1.193838824833300e+05  4.012599180912043e+05 1.343089660924798e+03 1.380277440718445e+03
4.799999999999840e-08  1.160189581271230e+05  3.996588607200988e+05 1.439832196260923e+03 1.479698605937167e+03
4.999999999999800e-08  1.125395370600120e+05  3.983776817134037e+05 1.101711918179488e+03 1.132216374733107e+03
5.199999999999770e-08  1.089490530507040e+05  3.961459963549849e+05 1.640663823770848e+03 1.686090906391514e+03
5.399999999999730e-08  1.052510494736310e+05  3.958072392610218e+05 1.798148958650114e+03 1.847936526417119e+03
5.599999999999690e-08  1.014491758120600e+05  3.930694093312063e+05 1.232607319055571e+03 1.266736037998665e+03
5.799999999999650e-08  9.754718405649791e+04  3.914266426157405e+05 1.572450395680739e+03 1.615988768994361e+03
5.999999999999610e-08  9.354892500192930e+04  3.884472111532586e+05 2.099889547419243e+03 2.158031778986002e+03
6.199999999999580e-08  8.945834444754470e+04  3.857482767737973e+05 2.264167764944981e+03 2.326858570114810e+03
6.399999999999540e-08  8.527947930271410e+04  3.823334958637390e+05 1.891631104014689e+03 1.944007027226305e+03
6.599999999999501e-08  8.101645360304460e+04  3.792242520798925e+05 2.590277918521965e+03 2.661998137685900e+03
6.799999999999460e-08  7.667347444045440e+04  3.755605600650792e+05 2.600841331702230e+03 2.672854033114110e+03
6.999999999999419e-08  7.225482781128130e+04  3.719678721253324e+05 2.997303896552024e+03 3.080293945930313e+03
7.199999999999389e-08  6.776487438652130e+04  3.680791265603434e+05 3.066331894003599e+03 3.151233206675403e+03
7.399999999999350e-08  6.320804520837260e+04  3.616844164844996e+05 3.526579802977091e+03 3.624224567100683e+03
7.599999999999310e-08  5.858883731733160e+04  3.579055781743216e+05 2.252642547795316e+03 2.315014240064566e+03
7.799999999999270e-08  5.391180931415680e+04  3.520839162446872e+05 3.528575305208280e+03 3.626275321263079e+03
7.999999999999240e-08  4.918157686107970e+04  3.451085220180781e+05 3.093227150389691e+03 3.178873145193358e+03
8.199999999999200e-08  4.440280812670340e+04  3.384471135459298e+05 3.254374813515589e+03 3.344482702401933e+03
8.399999999999159e-08  3.958021917908340e+04  3.308196871821772e+05 3.650391042332374e+03 3.751463920928943e+03
8.599999999999120e-08  3.471856933153770e+04  3.206874267209375e+05 3.003165953659572e+03 3.086318313042320e+03
8.799999999999080e-08  2.982265644577870e+04  3.139646216811329e+05 3.816651261819737e+03 3.922327592151972e+03
8.999999999999050e-08  2.489731219700290e+04  3.035540976140267e+05 5.594852117335300e+03 5.749763687702260e+03
9.199999999999010e-08  1.994739730561010e+04  2.930200307408228e+05 4.400811931186687e+03 4.522662638381871e+03
9.399999999998970e-08  1.497779674025970e+04  2.816564221569938e+05 5.007519787886518e+03 5.146169163726426e+03
9.599999999998931e-08  9.993414896995309e+03  2.689893066800729e+05 5.999568108049756e+03 6.165685549163493e+03
9.799999999998890e-08  4.999170759198400e+03  2.568247364133385e+05 5.652092721052618e+03 5.808589182606090e+03
9.999999999998860e-08 -6.956855198561420e-03  2.439540481555992e+05 5.767709941717361e+03 5.927407639843135e+03
1.019999999999880e-07 -4.999184666043220e+03  2.258718661312069e+05 5.951388262678042e+03 6.116171688995670e+03
1.039999999999880e-07 -9.993428783250180e+03  2.071950938053202e+05 6.662941071352503e+03 6.847426137799143e+03
1.059999999999870e-07 -1.497781059222050e+04  1.829783727262366e+05 7.406431021184168e+03 7.611502010773193e+03
1.079999999999870e-07 -1.994741110960670e+04  1.422136573057578e+05 8.781238158825581e+03 9.024375129101361e+03
1.099999999999870e-07 -2.489732593941240e+04  8.567595983369929e+04 9.310613658396900e+03 9.568408100976245e+03
1.119999999999860e-07 -2.982267011303910e+04  1.345985617973473e+04 7.935896503724539e+03 8.155627457086564e+03
1.139999999999860e-07 -3.471858291016090e+04 -8.263202573768886e+04 5.939410146468007e+03 6.103861919910239e+03
1.159999999999860e-07 -3.958023265566900e+04 -1.697011861234983e+05 8.441179792964591e+03 8.674901147891267e+03
1.179999999999850e-07 -4.440282148795160e+04 -2.457808900962668e+05 9.887073563079304e+03 1.016082916195289e+04
1.199999999999860e-07 -4.918159009380710e+04 -2.964212233040027e+05 5.354167824947974e+03 5.502415272490157e+03
1.219999999999880e-07 -5.391182240530800e+04 -3.240911395806408e+05 3.390863811262283e+03 3.484750839352904e+03
1.239999999999900e-07 -5.858885025398710e+04 -3.443908072494858e+05 3.278374607351577e+03 3.369147008127359e+03
1.259999999999930e-07 -6.320805797776520e+04 -3.566439409397100e+05 3.189712429648813e+03 3.278029931368813e+03
1.279999999999950e-07 -6.776488697604911e+04 -3.649995678243643e+05 3.516182266490101e+03 3.613539141198322e+03
1.299999999999970e-07 -7.225484020851980e+04 -3.707986631666400e+05 2.014593577703520e+03 2.070374114566375e+03
1.319999999999990e-07 -7.667348663316869e+04 -3.753557840731238e+05 2.952698652303344e+03 3.034453661275157e+03
1.340000000000020e-07 -8.101646557920190e+04 -3.800322832548261e+05 2.358326107944005e+03 2.423623991276265e+03
1.360000000000040e-07 -8.527949105049520e+04 -3.827511835776385e+05 2.354277549867483e+03 2.419463335779435e+03
1.380000000000060e-07 -8.945835595535560e+04 -3.863913819049773e+05 1.957471930549671e+03 2.011670869923089e+03
1.400000000000090e-07 -9.354893625841300e+04 -3.891528360180207e+05 1.334085165731595e+03 1.371023626962127e+03
1.420000000000110e-07 -9.754719505054530e+04 -3.904542208590423e+05 2.130099076324325e+03 2.189077756373472e+03
1.440000000000130e-07 -1.014491865328210e+05 -3.921474776558609e+05 1.226437210725081e+03 1.260395090269605e+03
1.460000000000150e-07 -1.052510599105250e+05 -3.949734758530097e+05 1.376000454901368e+03 1.414099476434746e+03
1.480000000000180e-07 -1.089490631934320e+05 -3.977234953890108e+05 1.667452508257683e+03 1.713621322222608e+03
1.500000000000200e-07 -1.125395468985630e+05 -3.986567657129572e+05 1.758007460381473e+03 1.806683580981821e+03
1.520000000000220e-07 -1.160189676517880e+05 -3.996665346555960e+05 1.130310204220396e+03 1.161606496788174e+03
1.540000000000240e-07 -1.193838916847080e+05 -4.015513029475335e+05 1.077673027674172e+03 1.107511889820654e+03
1.560000000000270e-07 -1.226309982233710e+05 -4.023077614308359e+05 1.698301102135376e+03 1.745324059162707e+03
1.580000000000290e-07 -1.257570827654710e+05 -4.041967187564714e+05 1.556447276786358e+03 1.599542552011468e+03
1.600000000000310e-07 -1.287590602428120e+05 -4.042757520328896e+05 1.524378302939265e+03 1.566585644936736e+03
1.620000000000330e-07 -1.316339680658920e+05 -4.053738052200816e+05 9.719788899188119e+02 9.988912681270442e+02
1.640000000000360e-07 -1.343789690476220e+05 -4.074268849703228e+05 1.154309635084574e+03 1.186270429491742e+03
1.660000000000380e-07 -1.369913542032910e+05 -4.084165380794255e+05 1.098870778611095e+03 1.129296569029678e+03
1.680000000000400e-07 -1.394685454240040e+05 -4.084099569543862e+05 6.445587327913086e+02 6.624054253215832e+02
1.700000000000430e-07 -1.418080980209660e+05 -4.090144173890651e+05 1.088549872148607e+03 1.118689894901811e+03
1.720000000000450e-07 -1.440077031380910e+05 -4.099048758355364e+05 9.102737905821307e+02 9.354776636078441e+02
1.740000000000470e-07 -1.460651900305700e+05 -4.099230920511765e+05 1.106290538724340e+03 1.136921769191521e+03
1.760000000000490e-07 -1.479785282071320e+05 -4.108511171013704e+05 1.092428160359903e+03 1.122675566061672e+03
1.780000000000520e-07 -1.497458294338890e+05 -4.114485123073801e+05 9.212073895325907e+02 9.467139945961949e+02
1.800000000000540e-07 -1.513653495978040e+05 -4.119870654602865e+05 1.144909805885355e+03 1.176610335629241e+03
1.820000000000560e-07 -1.528354904279130e+05 -4.125277370215789e+05 9.927405011994064e+02 1.020227731743210e+03
1.840000000000580e-07 -1.541548010726270e+05 -4.127084399717359e+05 1.259713144900467e+03 1.294592376271711e+03
1.860000000000610e-07 -1.553219795315510e+05 -4.125391085217153e+05 1.431548120306689e+03 1.471185158555736e+03
1.880000000000630e-07 -1.563358739403970e+05 -4.130537816476875e+05 1.227044763079554e+03 1.261019464675373e+03
1.900000000000650e-07 -1.571954837077360e+05 -4.134630095843535e+05 1.202918036254099e+03 1.236224711410262e+03
1.920000000000670e-07 -1.578999605024620e+05 -4.137166362567109e+05 6.295412137266235e+02 6.469720976863520e+02
1.940000000000700e-07 -1.584486090909940e+05 -4.133460925207147e+05 6.652231074582470e+02 6.836419600140543e+02
1.960000000000720e-07 -1.588408880233820e+05 -4.132748084598334e+05 1.041840232792873e+03 1.070686948157048e+03
1.980000000000740e-07 -1.590764101676610e+05 -4.135050266172033e+05 1.247545174755805e+03 1.282087496531629e+03
2.000000000000770e-07 -1.591549430918950e+05 -4.138892590328354e+05 7.956702637895947e+02 8.177009676353730e+02
2.020000000000790e-07 -1.590764092935650e+05 -4.137322055140858e+05 9.126133984507545e+02 9.378820510848240e+02
2.040000000000810e-07 -1.588408862760530e+05 -4.143120765464796e+05 1.483978913840468e+03 1.525067668129826e+03
2.060000000000830e-07 -1.584486064721550e+05 -4.133913552585505e+05 1.168573601041771e+03 1.200929339465287e+03
2.080000000000860e-07 -1.578999570146990e+05 -4.142046638981828e+05 1.286218247148462e+03 1.321831357972793e+03
2.100000000000880e-07 -1.571954793544900e+05 -4.132717407998416e+05 9.094076989422063e+02 9.345875914205864e+02
2.120000000000900e-07 -1.563358687259650e+05 -4.134813634290613e+05 1.056657149135260e+03 1.085914118735017e+03
2.140000000000920e-07 -1.553219734610790e+05 -4.127244543047272e+05 9.364511193516662e+02 9.623797963619453e+02
2.160000000000950e-07 -1.541547941521050e+05 -4.127813865648910e+05 1.226976495032787e+03 1.260949306407005e+03
2.180000000000970e-07 -1.528354826641710e+05 -4.123608086536570e+05 8.814629854720902e+02 9.058691382060903e+02
2.200000000000990e-07 -1.513653409985040e+05 -4.125978812620870e+05 1.338850813911490e+03 1.375921227520365e+03
2.220000000001010e-07 -1.497458200075180e+05 -4.115491912203275e+05 1.584477784986020e+03 1.628349175459992e+03
2.240000000001040e-07 -1.479785179629910e+05 -4.112519048990363e+05 1.254402523011135e+03 1.289134712644859e+03
2.260000000001060e-07 -1.460651789787710e+05 -4.111442491395351e+05 8.831111440388531e+02 9.075629313716661e+02
2.280000000001080e-07 -1.440076912895390e+05 -4.099978940928864e+05 1.335231850916041e+03 1.372202061833412e+03
2.300000000001110e-07 -1.418080853873550e+05 -4.094028454024813e+05 1.032364837360629e+03 1.060949195766037e+03
2.320000000001130e-07 -1.394685320178020e+05 -4.091664990315613e+05 9.262710575237951e+02 9.519178666077887e+02
2.340000000001150e-07 -1.369913400377280e+05 -4.081560022045085e+05 1.030491229276658e+03 1.059023710784437e+03
2.360000000001170e-07 -1.343789541366770e+05 -4.066598512174134e+05 1.086885208702674e+03 1.116979139866121e+03
2.380000000001200e-07 -1.316339524242810e+05 -4.057920645281047e+05 1.285232373788524e+03 1.320818187521321e+03
2.400000000001220e-07 -1.287590438859720e+05 -4.057078237100908e+05 1.750269786259279e+03 1.798731664333799e+03
2.420000000001240e-07 -1.257570657095440e+05 -4.044548205497235e+05 1.298197653803503e+03 1.334142453233374e+03
2.440000000001260e-07 -1.226309804851880e+05 -4.028385310670043e+05 1.548920265336622e+03 1.591807130913113e+03
2.460000000001290e-07 -1.193838732817750e+05 -4.019858179229259e+05 1.227292654309682e+03 1.261274219575699e+03
2.480000000001310e-07 -1.160189486022670e+05 -4.002214085725421e+05 9.161819598730816e+02 9.415494196681431e+02
2.500000000001330e-07 -1.125395272212530e+05 -3.987289399906079e+05 1.253495939308235e+03 1.288203027240941e+03
2.520000000001360e-07 -1.089490429077520e+05 -3.972884940765222e+05 1.555453741074255e+03 1.598521507050836e+03
2.540000000001380e-07 -1.052510390364960e+05 -3.956467204186989e+05 1.889969603464269e+03 1.942299522661117e+03
2.560000000001400e-07 -1.014491650910410e+05 -3.930657373749331e+05 1.347646151529378e+03 1.384960092497640e+03
2.580000000001420e-07 -9.754717306217609e+04 -3.908556156600447e+05 2.035907107418772e+03 2.092277778263546e+03
2.600000000001450e-07 -9.354891374515410e+04 -3.879018443387545e+05 2.119919534718355e+03 2.178616361245242e+03
2.620000000001470e-07 -8.945833293942490e+04 -3.861346275460933e+05 2.552395255193411e+03 2.623066570339361e+03
2.640000000001490e-07 -8.527946755460660e+04 -3.823521319244769e+05 1.895294532260763e+03 1.947771889328114e+03
2.660000000001510e-07 -8.101644162654300e+04 -3.793966056128693e+05 1.274766485242309e+03 1.310062517011977e+03
2.680000000001540e-07 -7.667346224737800e+04 -3.766530600088357e+05 1.568532940045402e+03 1.611962845933686e+03
2.700000000001560e-07 -7.225481541366300e+04 -3.706229198616381e+05 2.073402430556703e+03 2.130811280653922e+03
2.720000000001580e-07 -6.776486179659580e+04 -3.676629011647421e+05 2.575859826124432e+03 2.647180833783192e+03
2.740000000001600e-07 -6.320803243856450e+04 -3.618398296539637e+05 2.823277718275237e+03 2.901449290239568e+03
2.760000000001630e-07 -5.858882438024310e+04 -3.569150469815677e+05 2.442713201765188e+03 2.510347614633597e+03
2.780000000001650e-07 -5.391179622255490e+04 -3.511605711365248e+05 3.848210457383839e+03 3.954760606083714e+03
2.800000000001670e-07 -4.918156362788420e+04 -3.459521481444600e+05 3.836033571527684e+03 3.942246563771839e+03
2.820000000001700e-07 -4.440279476497370e+04 -3.384076895254705e+05 2.788079486324886e+03 2.865276481433346e+03
2.840000000001720e-07 -3.958020570200580e+04 -3.301827416551416e+05 3.464400439167173e+03 3.560323566562894e+03
2.860000000001740e-07 -3.471855575241240e+04 -3.233266456476188e+05 5.629185842698758e+03 5.785048053261572e+03
2.880000000001760e-07 -2.982264277800660e+04 -3.142828783675324e+05 3.736064142605471e+03 3.839509157984779e+03
2.900000000001790e-07 -2.489729845407210e+04 -3.041203397267900e+05 3.797483873554163e+03 3.902629492769504e+03
2.920000000001810e-07 -1.994738350108340e+04 -2.923308681671043e+05 3.362445846379787e+03 3.455546031230542e+03
2.940000000001830e-07 -1.497778288776040e+04 -2.826206933678261e+05 6.339522833516461e+03 6.515053020359892e+03
2.960000000001850e-07 -9.993401010194149e+03 -2.709863557327249e+05 6.090088462098734e+03 6.258712251888329e+03
2.980000000001880e-07 -4.999156851799800e+03 -2.564510485165976e+05 6.420849270075006e+03 6.598631242262431e+03
3.000000000001900e-07  2.087112618611660e-02 -2.449199857799115e+05 5.330866246971214e+03 5.478468514987520e+03
3.020000000001920e-07  4.999198573454890e+03 -2.281321789550584e+05 7.397705529710021e+03 7.602534925855977e+03
3.040000000001940e-07  9.993442670077720e+03 -2.082226704341722e+05 5.538846173484195e+03 5.692207038214990e+03
3.060000000001970e-07  1.497782444475910e+04 -1.825203795678000e+05 7.066018476379269e+03 7.261664044029982e+03
3.080000000001990e-07  1.994742491418560e+04 -1.456001416423648e+05 8.398892532053462e+03 8.631443027436959e+03
3.100000000002010e-07  2.489733968240820e+04 -9.161537624509713e+04 1.038821037968775e+04 1.067584157162464e+04
3.120000000002040e-07  2.982268378088880e+04 -1.658588757228677e+04 9.834270531440341e+03 1.010656410765814e+04
3.140000000002060e-07  3.471859648937610e+04  7.546511148020499e+04 1.130439919066709e+04 1.161739803209407e+04
3.160000000002080e-07  3.958024613284860e+04  1.687810570985743e+05 1.146638272278789e+04 1.178386660203323e+04
3.180000000002100e-07  4.440283484979500e+04  2.445978738844825e+05 8.298489620896798e+03 8.528260137058236e+03
3.200000000002130e-07  4.918160332712520e+04  2.955286549048833e+05 7.734095166273865e+03 7.948238597136453e+03
3.220000000002150e-07  5.391183549703730e+04  3.255876833342905e+05 6.564277372995099e+03 6.746030615949318e+03
3.240000000002170e-07  5.858886319120770e+04  3.435328716602213e+05 3.110326868529821e+03 3.196446324317687e+03
3.260000000002190e-07  6.320807074770950e+04  3.538932178321365e+05 3.600089319480009e+03 3.699769432241878e+03
3.280000000002220e-07  6.776489956611479e+04  3.645848276334737e+05 2.215465528908856e+03 2.276807855208017e+03
3.300000000002240e-07  7.225485260628200e+04  3.698170465955517e+05 2.269426948044397e+03 2.332263370702534e+03
3.320000000002260e-07  7.667349882639230e+04  3.742781018285349e+05 1.858171008395894e+03 1.909620480675791e+03
3.340000000002280e-07  8.101647755585361e+04  3.778553937486390e+05 3.257087261299663e+03 3.347270253072904e+03
3.360000000002310e-07  8.527950279875570e+04  3.828309103076995e+05 2.745100879560020e+03 2.821107872980053e+03
3.380000000002330e-07  8.945836746363060e+04  3.853340272751771e+05 2.282493823851613e+03 2.345692045214816e+03
3.400000000002350e-07  9.354894751534519e+04  3.884373045366508e+05 3.113594419245322e+03 3.199804347739521e+03
3.420000000002380e-07  9.754720604502570e+04  3.915141576610442e+05 1.294059859931081e+03 1.329890091159113e+03
3.440000000002400e-07  1.014491972539990e+05  3.931533369613572e+05 1.567418877556162e+03 1.610817937022400e+03
3.460000000002420e-07  1.052510703478210e+05  3.953671041879288e+05 1.829936242063843e+03 1.880603943548067e+03
3.480000000002440e-07  1.089490733365440e+05  3.969679363488047e+05 2.317196907249435e+03 2.381355995679897e+03
3.500000000002470e-07  1.125395567374820e+05  3.984499624954578e+05 1.424073689901139e+03 1.463503774377782e+03
3.520000000002490e-07  1.160189771768040e+05  4.005876397808426e+05 1.525100687878157e+03 1.567328031438304e+03
3.540000000002510e-07  1.193839008864210e+05  4.020398737514584e+05 1.374142287708817e+03 1.412189859875569e+03
3.560000000002530e-07  1.226310070927000e+05  4.032053533254421e+05 1.814978938759751e+03 1.865232498941453e+03
3.580000000002560e-07  1.257570912936640e+05  4.045668237985913e+05 1.433869642003992e+03 1.473570959087264e+03
3.600000000002580e-07  1.287590684214520e+05  4.047420044726611e+05 1.303818666199224e+03 1.339919101531351e+03
3.620000000002600e-07  1.316339758869060e+05  4.062113221143144e+05 1.360881137505531e+03 1.398561531852426e+03
3.640000000002630e-07  1.343789765032940e+05  4.068462725782233e+05 1.464383615241238e+03 1.504929810332577e+03
3.660000000002650e-07  1.369913612862620e+05  4.082523939407013e+05 9.332769470746935e+02 9.591177368626245e+02
3.680000000002670e-07  1.394685521272850e+05  4.094879812464888e+05 1.058283576116917e+03 1.087585578606290e+03
3.700000000002690e-07  1.418081043379400e+05  4.095713396822138e+05 1.497901657399125e+03 1.539375907859473e+03
3.720000000002720e-07  1.440077090625250e+05  4.098451347999166e+05 1.145166275670526e+03 1.176873906609643e+03
3.740000000002740e-07  1.460651955566170e+05  4.107904772344719e+05 1.036261010942787e+03 1.064953247511080e+03
3.760000000002760e-07  1.479785333293380e+05  4.107936084759660e+05 1.237683849826944e+03 1.271953128938085e+03
3.780000000002780e-07  1.497458341472000e+05  4.112413598130410e+05 1.084052816785019e+03 1.114068324020423e+03
3.800000000002810e-07  1.513653538975680e+05  4.115950188055045e+05 9.678777742820323e+02 9.946765998439701e+02
3.820000000002830e-07  1.528354943098870e+05  4.125276660718489e+05 1.106294779061867e+03 1.136926126936503e+03
3.840000000002850e-07  1.541548045329800e+05  4.124978220034777e+05 8.249727433265223e+02 8.478147810602234e+02
3.860000000002870e-07  1.553219825668680e+05  4.131728138514474e+05 1.492580463895759e+03 1.533907379909271e+03
3.880000000002900e-07  1.563358765476820e+05  4.133090411802875e+05 8.515600587899205e+02 8.751382523153922e+02
3.900000000002920e-07  1.571954858844150e+05  4.133685377355642e+05 9.846493152657500e+02 1.011912515166236e+03
3.920000000002940e-07  1.578999622463890e+05  4.131367171604492e+05 7.639188891018005e+02 7.850704534795387e+02
3.940000000002970e-07  1.584486104004460e+05  4.130703977635787e+05 1.384915566465400e+03 1.423261431687122e+03
3.960000000002990e-07  1.588408888970690e+05  4.135568239332553e+05 1.378772178073828e+03 1.416947943724881e+03
3.980000000003010e-07  1.590764106047190e+05  4.136466235069835e+05 5.850038797110494e+02 6.012016035786759e+02
4.000000000003030e-07  1.591549430918930e+05  4.138973053609372e+05 9.400996444919067e+02 9.661293427172501e+02
