#               t [s]                 T [K]       M_ZFC-Mean [A/m]  M_ZFC-Std.Dev. [A/m]     M_ZFC-Error [A/m]        M_FC-Mean [A/m]   M_FC-Std.Dev. [A/m]      M_FC-Error [A/m]
2.000000000000000e-09 5.721350000000000e+00  4.605241425952108e+03 7.783835692663373e+03 7.999356350822104e+03  2.053590397411869e+05 7.267329024485298e+03 7.468548525545603e+03
4.000000000000020e-09 7.451350000000020e+00  5.123398828255896e+03 6.978471901643839e+03 7.171693459313932e+03  2.052134810534542e+05 7.330326530858349e+03 7.533290321568637e+03
5.999999999999970e-09 9.181349999999981e+00  5.082540500899190e+03 8.223805624935439e+03 8.451508273197418e+03  2.045811199626785e+05 7.136526118795551e+03 7.334123918494674e+03
7.999999999999919e-09 1.091134999999990e+01  5.247758193262140e+03 7.725596198948553e+03 7.939504308421540e+03  2.045680745297071e+05 6.892442097215200e+03 7.083281641594699e+03
9.999999999999879e-09 1.264134999999990e+01  5.384763435513973e+03 7.753645707096531e+03 7.968330457893380e+03  2.045026500642538e+05 6.615372867038191e+03 6.798540853948977e+03
1.199999999999980e-08 1.437134999999990e+01  5.778730959904096e+03 7.601517067864788e+03 7.811989645416136e+03  2.045386805869845e+05 7.559621155485117e+03 7.768933709242703e+03
1.399999999999980e-08 1.610134999999980e+01  6.230109205183258e+03 7.251511686503716e+03 7.452293233420753e+03  2.038603004772946e+05 7.442197133012192e+03 7.648258423047593e+03
1.599999999999990e-08 1.783134999999990e+01  5.004377799719117e+03 7.767842488632562e+03 7.982920323227836e+03  2.038659020086332e+05 7.288973495867141e+03 7.490792294099418e+03
1.800000000000020e-08 1.956135000000020e+01  4.662643718298104e+03 7.666405646391531e+03 7.878674874039728e+03  2.033707960463955e+05 7.959339820939190e+03 8.179719878336168e+03
2.000000000000050e-08 2.129135000000040e+01  5.454233301065389e+03 7.473706682246640e+03 7.680640416030526e+03  2.031974266490226e+05 7.063105310992665e+03 7.258670218240689e+03
2.200000000000080e-08 2.302135000000070e+01  5.566631887299101e+03 7.975421246173807e+03 8.196246569823510e+03  2.021986858204206e+05 6.752862530636589e+03 6.939837363421151e+03
2.400000000000100e-08 2.475135000000090e+01  5.350442892093609e+03 8.786041438130835e+03 9.029311402724334e+03  2.017704366385767e+05 6.817392178256290e+03 7.006153722975027e+03
2.600000000000130e-08 2.648135000000110e+01  5.723155345832325e+03 7.902111879431101e+03 8.120907396235772e+03  2.017200622467834e+05 6.395286772190552e+03 6.572360963974361e+03
2.800000000000160e-08 2.821135000000140e+01  5.524391446844555e+03 7.571742767352353e+03 7.781390947126562e+03  2.018098259033334e+05 6.981970084946363e+03 7.175288501131653e+03
3.000000000000180e-08 2.994135000000160e+01  5.735941137277295e+03 8.078763120425828e+03 8.302449797993258e+03  2.024187712950163e+05 8.354668274378360e+03 8.585994278200493e+03
3.200000000000140e-08 3.167135000000130e+01  6.052528421806664e+03 7.367001685706697e+03 7.570980946658532e+03  2.020422857770197e+05 7.165190977884693e+03 7.363582456888063e+03
3.400000000000110e-08 3.340135000000090e+01  5.297249395531746e+03 9.033688617915914e+03 9.283815495384482e+03  2.012780779631206e+05 7.501574415416399e+03 7.709279757496152e+03
3.600000000000070e-08 3.513135000000060e+01  6.028459274618026e+03 8.085399354068118e+03 8.309269777220470e+03  2.012590200801693e+05 7.336195406931461e+03 7.539321696451316e+03
3.800000000000030e-08 3.686135000000030e+01  5.459710981981008e+03 7.034430367695482e+03 7.229201316425355e+03  2.002717255244809e+05 6.845784983414001e+03 7.035332674744276e+03
3.999999999999990e-08 3.859134999999990e+01  5.433563810437166e+03 6.909492132172370e+03 7.100803761896510e+03  1.998736319906558e+05 7.404062518908512e+03 7.609067928854101e+03
4.199999999999950e-08 4.032134999999960e+01  5.593938227223234e+03 8.206223762986538e+03 8.433439600554086e+03  1.997931373622405e+05 7.687877362064321e+03 7.900741103584123e+03
4.399999999999920e-08 4.205134999999930e+01  5.916136764011730e+03 6.813884264555338e+03 7.002548681341337e+03  1.995975839782354e+05 7.248623675996694e+03 7.449325259005215e+03
4.599999999999880e-08 4.378134999999900e+01  6.332314533397132e+03 8.257627984251507e+03 8.486267113886948e+03  1.993258792936091e+05 7.362061458693186e+03 7.565903933487214e+03
4.799999999999840e-08 4.551134999999860e+01  7.077235178818095e+03 7.570922393847517e+03 7.780547858928780e+03  1.987405136888363e+05 6.555949334689937e+03 6.737471988977132e+03
4.999999999999800e-08 4.724134999999830e+01  6.743242220057155e+03 7.870967432354243e+03 8.088900614444125e+03  1.982191997767574e+05 7.312073851653156e+03 7.514532257924359e+03
5.199999999999770e-08 4.897134999999800e+01  6.250721948960083e+03 8.491162207915033e+03 8.726267487604746e+03  1.987961527951873e+05 7.433412008193520e+03 7.639230053643901e+03
5.399999999999730e-08 5.070134999999760e+01  5.345343499298377e+03 9.125034783496103e+03 9.377690874902815e+03  1.973531407570530e+05 6.825366788297137e+03 7.014349135878681e+03
5.599999999999690e-08 5.243134999999730e+01  5.544659381203246e+03 6.650811232373848e+03 6.834960445009686e+03  1.982725581005053e+05 6.923819956351375e+03 7.115528298213203e+03
5.799999999999650e-08 5.416134999999700e+01  6.756299919290059e+03 7.150089429232537e+03 7.348062773034545e+03  1.968343568081962e+05 6.096277478868902e+03 6.265072631598355e+03
5.999999999999610e-08 5.589134999999670e+01  6.288718861025781e+03 8.954153022603707e+03 9.202077699958403e+03  1.964451589510071e+05 6.849119335438026e+03 7.038759349084847e+03
6.199999999999580e-08 5.762134999999630e+01  5.188698170627495e+03 8.417895174780502e+03 8.650971819767998e+03  1.982788895801544e+05 7.744897010270928e+03 7.959339525109527e+03
6.399999999999540e-08 5.935134999999600e+01  7.475905667900219e+03 8.742884475054203e+03 8.984959499588116e+03  1.972386283714129e+05 7.473988253931400e+03 7.680929783937766e+03
6.599999999999501e-08 6.108134999999570e+01  7.482233059682394e+03 8.238184459507520e+03 8.466285232294846e+03  1.967427596424842e+05 7.696285993796299e+03 7.909382555472724e+03
6.799999999999460e-08 6.281134999999540e+01  6.304270038596214e+03 7.301913856414528e+03 7.504090950367849e+03  1.961012054985201e+05 7.598224816424484e+03 7.808606237350069e+03
6.999999999999419e-08 6.454134999999501e+01  6.665271375666392e+03 7.050944240402101e+03 7.246172429091167e+03  1.956983785976186e+05 6.054155713114388e+03 6.221784588569158e+03
7.199999999999389e-08 6.627134999999470e+01  7.091795845856238e+03 6.740120661559861e+03 6.926742694501514e+03  1.953295348122074e+05 5.596705498948023e+03 5.751668386177357e+03
7.399999999999350e-08 6.800134999999440e+01  6.348567341905220e+03 7.428555837294410e+03 7.634239423952282e+03  1.948366412233884e+05 7.264846576639115e+03 7.465997343104449e+03
7.599999999999310e-08 6.973134999999399e+01  8.153871274737709e+03 6.859375176168528e+03 7.049299155925564e+03  1.921549465177068e+05 5.838181235839878e+03 5.999830159594027e+03
7.799999999999270e-08 7.146134999999370e+01  5.863465210741350e+03 6.761479301369433e+03 6.948692717311818e+03  1.934077522414391e+05 7.833215908344493e+03 8.050103817432434e+03
7.999999999999240e-08 7.319134999999341e+01  8.961226659257518e+03 6.791666870768967e+03 6.979716127173829e+03  1.936343066631928e+05 5.525810082258517e+03 5.678810000654920e+03
8.199999999999200e-08 7.492134999999310e+01  8.293615178915765e+03 6.869645903488059e+03 7.059854261538661e+03  1.913758087523108e+05 6.851943429915904e+03 7.041661637749320e+03
8.399999999999159e-08 7.665134999999270e+01  9.389971237596174e+03 6.664948789034405e+03 6.849489445636501e+03  1.916860604408309e+05 7.511363056808453e+03 7.719339429074170e+03
8.599999999999120e-08 7.838134999999239e+01  8.649888627601105e+03 7.831673033826369e+03 8.048518223444792e+03  1.907245803577355e+05 7.171180528390399e+03 7.369737847465171e+03
8.799999999999080e-08 8.011134999999210e+01  8.525068047029699e+03 7.285814344951903e+03 7.487545671876800e+03  1.910337626387367e+05 8.364195568769586e+03 8.595785366540968e+03
8.999999999999050e-08 8.184134999999171e+01  9.053272055389623e+03 6.572768934858114e+03 6.754757294157767e+03  1.876335447438479e+05 7.872902318379897e+03 8.090889074045349e+03
9.199999999999010e-08 8.357134999999140e+01  1.218890931798230e+04 6.762776453344343e+03 6.950025785133158e+03  1.888268829168999e+05 7.423975155973764e+03 7.629531911658834e+03
9.399999999998970e-08 8.530134999999110e+01  1.035492617114748e+04 7.692387013632146e+03 7.905375619436389e+03  1.883837519734208e+05 6.441062944324120e+03 6.619404597438788e+03
9.599999999998931e-08 8.703134999999079e+01  1.283958296593157e+04 5.575568213829903e+03 5.729945846978831e+03  1.864627676245530e+05 7.094502729716330e+03 7.290936976017101e+03
9.799999999998890e-08 8.876134999999040e+01  1.319612363358618e+04 6.684735772748601e+03 6.869824295970889e+03  1.851638231367850e+05 8.544954645082285e+03 8.781549342318822e+03
9.999999999998860e-08 9.049134999999011e+01  1.640210074451850e+04 8.193839675937055e+03 8.420712620013916e+03  1.849850759994440e+05 6.620980886466004e+03 6.804304149526723e+03
1.019999999999880e-07 9.222134999998980e+01  1.366741840551349e+04 6.179969474718026e+03 6.351081910948852e+03  1.827767789440462e+05 6.967390056322518e+03 7.160304777274628e+03
1.039999999999880e-07 9.395134999998940e+01  1.856312374275698e+04 6.523248517383920e+03 6.703865743814415e+03  1.829905693674731e+05 8.213704051157136e+03 8.441127004688251e+03
1.059999999999870e-07 9.568134999998910e+01  2.047911413118218e+04 8.632146649689097e+03 8.871155539485831e+03  1.801591554420773e+05 8.052999863233780e+03 8.275973201727062e+03
1.079999999999870e-07 9.741134999998880e+01  2.229465764184446e+04 6.811651756845527e+03 7.000254359437349e+03  1.766006802078097e+05 8.251527184200826e+03 8.479997393461515e+03
1.099999999999870e-07 9.914134999998851e+01  2.413925621611379e+04 6.805785807713015e+03 6.994225992537083e+03  1.750561548113672e+05 7.540796363535824e+03 7.749587692063226e+03
1.119999999999860e-07 1.008713499999880e+02  2.471838956278500e+04 6.595838430934118e+03 6.778465543821848e+03  1.730708803443266e+05 6.866487010831574e+03 7.056607904725523e+03
1.139999999999860e-07 1.026013499999880e+02  2.670193952353341e+04 1.012937133314375e+04 1.040983572918836e+04  1.711892531986813e+05 7.940336404654823e+03 8.160190291029367e+03
1.159999999999860e-07 1.043313499999870e+02  2.668917600136679e+04 5.293179139722637e+03 5.439737918323312e+03  1.688344493169514e+05 8.973803601898016e+03 9.222272369075512e+03
1.179999999999850e-07 1.060613499999870e+02  3.019236990118206e+04 7.701390338088426e+03 7.914628230040147e+03  1.649655170464678e+05 9.222018251447769e+03 9.477359643735534e+03
1.199999999999860e-07 1.077913499999880e+02  3.163775716992667e+04 8.255705193296655e+03 8.484291084247667e+03  1.593641760336562e+05 1.083297815401322e+04 1.113292417982318e+04
1.219999999999880e-07 1.095213499999900e+02  3.177607237258217e+04 7.973617424253145e+03 8.194392803260787e+03  1.580593219082617e+05 9.150130719332064e+03 9.403481672863574e+03
1.239999999999900e-07 1.112513499999920e+02  3.434028940377779e+04 7.766376484499640e+03 7.981413728030552e+03  1.543201268899751e+05 9.223937207782021e+03 9.479331732580344e+03
1.259999999999930e-07 1.129813499999940e+02  3.951669663257133e+04 7.410407480844690e+03 7.615588571576264e+03  1.483123381349296e+05 7.751404630795079e+03 7.966027330148587e+03
1.279999999999950e-07 1.147113499999960e+02  4.104430612331883e+04 8.238092814631047e+03 8.466191049933659e+03  1.460531019324313e+05 7.751433609768472e+03 7.966057111498553e+03
1.299999999999970e-07 1.164413499999980e+02  4.047350601087714e+04 5.892046381869295e+03 6.055186736350202e+03  1.456152682293557e+05 8.405738706575532e+03 8.638478760435995e+03
1.319999999999990e-07 1.181713500000000e+02  4.335434337882336e+04 5.548662397561740e+03 5.702295056194329e+03  1.411167963939696e+05 7.456388664628575e+03 7.662842893101399e+03
1.340000000000020e-07 1.199013500000010e+02  4.363984829559097e+04 5.571212808441393e+03 5.725469848110071e+03  1.364182693758431e+05 5.360034762723256e+03 5.508444655406965e+03
1.360000000000040e-07 1.216313500000030e+02  4.771850026085377e+04 5.450239999673609e+03 5.601147515997451e+03  1.341079675456157e+05 5.954566259083342e+03 6.119437678506674e+03
1.380000000000060e-07 1.233613500000050e+02  4.878043380984303e+04 7.106185217958446e+03 7.302942931718486e+03  1.276635424798375e+05 4.615848066330199e+03 4.743652744190222e+03
1.400000000000090e-07 1.250913500000070e+02  5.159352373877678e+04 4.767206157792792e+03 4.899201673791961e+03  1.241160026946771e+05 6.840669257350835e+03 7.030075303264683e+03
1.420000000000110e-07 1.268213500000090e+02  5.230879317167064e+04 5.082520722974358e+03 5.223246742198181e+03  1.208832206410517e+05 8.208756696351322e+03 8.436042666368654e+03
1.440000000000130e-07 1.285513500000110e+02  5.112581383624065e+04 6.618722479693024e+03 6.801983211460261e+03  1.133715427790626e+05 6.486840366101723e+03 6.666449515147686e+03
1.460000000000150e-07 1.302813500000130e+02  5.214187622885982e+04 9.216844150713825e+03 9.472042281293659e+03  1.103979644023882e+05 8.791688120541745e+03 9.035114431794869e+03
1.480000000000180e-07 1.320113500000150e+02  5.335049324387907e+04 6.615169431958497e+03 6.798331786111348e+03  1.074552364577441e+05 7.623924981506993e+03 7.835017994597684e+03
1.500000000000200e-07 1.337413500000170e+02  5.369556533826303e+04 6.447545378543527e+03 6.626066518808824e+03  9.993115997849940e+04 9.301721076316257e+03 9.559269299008849e+03
1.520000000000220e-07 1.354713500000190e+02  5.634654646302692e+04 1.049422210387201e+04 1.078478857315426e+04  9.686235800027224e+04 8.978470091601632e+03 9.227068065634452e+03
1.540000000000240e-07 1.372013500000210e+02  5.632735056174920e+04 9.346259670719872e+03 9.605041088402484e+03  9.393150656843168e+04 1.065084917733236e+04 1.094575237355625e+04
1.560000000000270e-07 1.389313500000230e+02  5.379553298828084e+04 9.565024305548461e+03 9.829862929464825e+03  8.945440808353070e+04 1.296913655757537e+04 1.332822903550032e+04
1.580000000000290e-07 1.406613500000250e+02  5.478589601050859e+04 8.347998392867157e+03 8.579139719454324e+03  8.462836019423974e+04 1.189943570703373e+04 1.222891005831207e+04
1.600000000000310e-07 1.423913500000270e+02  5.631466303679781e+04 9.300685566161881e+03 9.558205117407797e+03  8.136750140133858e+04 1.098834484724853e+04 1.129259270229848e+04
1.620000000000330e-07 1.441213500000290e+02  5.745605144471204e+04 1.108524016122037e+04 1.139217087632342e+04  8.271462433424154e+04 6.735092397089711e+03 6.921575206271924e+03
1.640000000000360e-07 1.458513500000310e+02  5.666451694265600e+04 1.060142207917381e+04 1.089495672637552e+04  7.864332179220252e+04 8.928106657547698e+03 9.175310157071675e+03
1.660000000000380e-07 1.475813500000330e+02  5.755482385556980e+04 8.675427235115159e+03 8.915634487855927e+03  7.504695714255518e+04 8.398947775777775e+03 8.631499800762396e+03
1.680000000000400e-07 1.493113500000350e+02  5.734267189998055e+04 8.675077969793359e+03 8.915275551994433e+03  7.151942889050832e+04 1.030910809044173e+04 1.059454907974418e+04
1.700000000000430e-07 1.510413500000370e+02  5.707786783471370e+04 1.004482008214697e+04 1.032294340343326e+04  6.846794782075044e+04 1.071353051778188e+04 1.101016924957993e+04
1.720000000000450e-07 1.527713500000390e+02  5.413610711525419e+04 7.928459643921636e+03 8.147984683774866e+03  6.532827492707138e+04 9.803883643497453e+03 1.007533586047445e+04
1.740000000000470e-07 1.545013500000410e+02  5.258644630060245e+04 8.962715149133846e+03 9.210876896644939e+03  6.167789989279717e+04 6.779329534433219e+03 6.967037191792060e+03
1.760000000000490e-07 1.562313500000430e+02  5.289145474921281e+04 5.627266871382511e+03 5.783075949019940e+03  6.475534463522372e+04 7.462678017835435e+03 7.669306387386778e+03
1.780000000000520e-07 1.579613500000450e+02  5.296200542530068e+04 7.149792617696684e+03 7.347757743311658e+03  6.271002033932290e+04 7.213590360225688e+03 7.413321932615977e+03
1.800000000000540e-07 1.596913500000470e+02  5.359282699596144e+04 7.720305086288352e+03 7.934066694199905e+03  6.215392254424516e+04 9.812836346659509e+03 1.008453644816979e+04
1.820000000000560e-07 1.614213500000490e+02  5.212999914585367e+04 1.077247279700911e+04 1.107074353638208e+04  5.553742387012586e+04 1.128330120816228e+04 1.159571588372878e+04
1.840000000000580e-07 1.631513500000510e+02  4.901791228684627e+04 1.231774008968834e+04 1.265879655027884e+04  5.459558880914784e+04 7.140528177876487e+03 7.338236787520883e+03
1.860000000000610e-07 1.648813500000520e+02  5.297933744716268e+04 1.209437875674563e+04 1.242925073665287e+04  5.177041127849194e+04 9.017943725031906e+03 9.267634654233965e+03
1.880000000000630e-07 1.666113500000540e+02  5.363271498877052e+04 1.008976903697626e+04 1.036913691540775e+04  5.421788024142574e+04 1.086137449344124e+04 1.116210676372044e+04
1.900000000000650e-07 1.683413500000560e+02  5.218289778575103e+04 7.076072448193398e+03 7.271996392560687e+03  5.348648029834928e+04 1.261529060799618e+04 1.296458571673822e+04
1.920000000000670e-07 1.700713500000580e+02  5.145861662690504e+04 9.267158988524767e+03 9.523750248069335e+03  5.422940182990339e+04 7.871825861901370e+03 8.089782812388771e+03
1.940000000000700e-07 1.718013500000600e+02  4.692974510745134e+04 1.398473530405968e+04 1.437194791695533e+04  5.262501157652917e+04 8.342211705735705e+03 8.573192809179891e+03
1.960000000000720e-07 1.735313500000620e+02  4.833270154061988e+04 9.393571784746164e+03 9.653663191277004e+03  4.881573071765000e+04 6.369463016984965e+03 6.545822194611515e+03
1.980000000000740e-07 1.752613500000640e+02  4.537841219010306e+04 1.130541475101841e+04 1.161844171151726e+04  4.460186651857516e+04 7.702776788366583e+03 7.916053068676983e+03
2.000000000000770e-07 1.769913500000660e+02  4.717201274348047e+04 1.089709662339417e+04 1.119881797633933e+04  4.972831374642551e+04 1.059917537132129e+04 1.089264781115196e+04
2.020000000000790e-07 1.787213500000680e+02  4.752187366498561e+04 7.093326675381384e+03 7.289728358815427e+03  4.634266753946949e+04 8.899139304892922e+03 9.145540749600255e+03
2.040000000000810e-07 1.804513500000700e+02  4.268386822381759e+04 1.207605421250981e+04 1.241041881816223e+04  4.479826487650119e+04 8.912492846766456e+03 9.159264027455760e+03
2.060000000000830e-07 1.821813500000720e+02  4.458913819061932e+04 1.117456217413000e+04 1.148396605795994e+04  4.555849456530613e+04 7.571282259719509e+03 7.780917688850971e+03
2.080000000000860e-07 1.839113500000740e+02  4.699448776568213e+04 1.250508614754679e+04 1.285132988948384e+04  4.447067913866664e+04 8.330681570807603e+03 8.561343425186615e+03
2.100000000000880e-07 1.856413500000760e+02  4.484236204277651e+04 1.010135048881997e+04 1.038103903719137e+04  4.336062196773499e+04 6.647145287330331e+03 6.831192996424759e+03
2.120000000000900e-07 1.873713500000780e+02  4.630013521772614e+04 1.129971675290112e+04 1.161258594589910e+04  4.205795787235633e+04 9.177109563442453e+03 9.431207513502231e+03
2.140000000000920e-07 1.891013500000800e+02  4.888432631716085e+04 1.173145602920956e+04 1.205627931998876e+04  4.596159949269582e+04 9.125726496858792e+03 9.378401740586427e+03
2.160000000000950e-07 1.908313500000820e+02  4.140008845495800e+04 1.141055304700453e+04 1.172649110116508e+04  4.674956978808863e+04 8.347834446395696e+03 8.578971233594724e+03
2.180000000000970e-07 1.925613500000840e+02  4.017942790788978e+04 7.023107642958103e+03 7.217565085444537e+03  4.390401112610738e+04 7.151700111082772e+03 7.349718051819524e+03
2.200000000000990e-07 1.942913500000860e+02  3.880483337489581e+04 7.066314266187880e+03 7.261968023735804e+03  4.206623277843063e+04 7.871088323602455e+03 8.089024852957413e+03
2.220000000001010e-07 1.960213500000880e+02  3.920760720488709e+04 1.044120175394865e+04 1.073030018341577e+04  3.779163043499368e+04 7.950204414918132e+03 8.170331529062460e+03
2.240000000001040e-07 1.977513500000900e+02  4.008039072129440e+04 5.911234896000134e+03 6.074906546535820e+03  3.733902005305870e+04 7.925664258355801e+03 8.145111898921490e+03
2.260000000001060e-07 1.994813500000920e+02  4.001378456237345e+04 5.764192903155975e+03 5.923793220697748e+03  3.860460407782233e+04 7.249863041905570e+03 7.450598940766445e+03
2.280000000001080e-07 2.012113500000940e+02  4.413528723828925e+04 6.804903975132197e+03 6.993319743570088e+03  4.080540586061068e+04 6.223379589383389e+03 6.395693974994037e+03
2.300000000001110e-07 2.029413500000960e+02  4.419774925204083e+04 8.145944573590688e+03 8.371491386902737e+03  4.135741403731205e+04 8.274813359671503e+03 8.503928321989886e+03
2.320000000001130e-07 2.046713500000980e+02  3.560675344199637e+04 5.253916806761295e+03 5.399388480729398e+03  4.250394224643651e+04 3.382936015774288e+03 3.476603537214361e+03
2.340000000001150e-07 2.064013500001000e+02  3.261661512951701e+04 8.101528038662581e+03 8.325845036595836e+03  4.129346619700252e+04 6.819174930460978e+03 7.007985836438567e+03
2.360000000001170e-07 2.081313500001020e+02  4.389677925976202e+04 1.037102691030542e+04 1.065818232233418e+04  3.775682623550113e+04 5.509240973132783e+03 5.661782122171137e+03
2.380000000001200e-07 2.098613500001030e+02  4.349291509115484e+04 1.027949218628523e+04 1.056411316352578e+04  3.591693412804033e+04 9.822842076887222e+03 1.009481921938978e+04
2.400000000001220e-07 2.115913500001050e+02  4.188119874990151e+04 1.104707107063725e+04 1.135294495105768e+04  3.378332046879730e+04 9.309522014098093e+03 9.567286230975478e+03
2.420000000001240e-07 2.133213500001070e+02  4.281311360058876e+04 9.888500697106319e+03 1.016229581079971e+04  3.943004046467504e+04 1.001986612211975e+04 1.029729851234056e+04
2.440000000001260e-07 2.150513500001090e+02  3.917867449470724e+04 7.660926442133691e+03 7.873043960296428e+03  3.787570862436776e+04 6.640360902968564e+03 6.824220764446396e+03
2.460000000001290e-07 2.167813500001110e+02  3.725852327272203e+04 1.099229894158666e+04 1.129665627852290e+04  3.589436578317625e+04 9.330144487397285e+03 9.588479704125361e+03
2.480000000001310e-07 2.185113500001130e+02  3.741939223108870e+04 1.076648201162849e+04 1.106458687673855e+04  3.485887451099335e+04 8.782182893702071e+03 9.025346022017460e+03
2.500000000001330e-07 2.202413500001150e+02  3.619070540692487e+04 7.589189596466554e+03 7.799320848114570e+03  3.326923656739898e+04 8.576866552615356e+03 8.814344834190795e+03
2.520000000001360e-07 2.219713500001170e+02  3.502751933165194e+04 5.638605310754437e+03 5.794728329745771e+03  3.859600211497135e+04 5.243682016559145e+03 5.388870307268970e+03
2.540000000001380e-07 2.237013500001190e+02  3.310187053892254e+04 7.439895830722599e+03 7.645893401763449e+03  3.803140191101901e+04 8.900171000757944e+03 9.146601011301020e+03
2.560000000001400e-07 2.254313500001210e+02  3.524125870750471e+04 7.901792557522148e+03 8.120579232867323e+03  3.540237311357284e+04 7.075598764452331e+03 7.271509593353717e+03
2.580000000001420e-07 2.271613500001230e+02  3.916519985933348e+04 9.594469077417754e+03 9.860122975045331e+03  3.554767604039670e+04 9.513798579955628e+03 9.777218854033901e+03
2.600000000001450e-07 2.288913500001250e+02  3.998564015100598e+04 7.699628404755608e+03 7.912817511886259e+03  3.768432709142955e+04 1.013690357610087e+04 1.041757652664530e+04
2.620000000001470e-07 2.306213500001270e+02  3.362928989339448e+04 2.493265413588925e+03 2.562299527889097e+03  3.946090096273699e+04 5.561241960096440e+03 5.715222924590544e+03
2.640000000001490e-07 2.323513500001290e+02  3.433472904781365e+04 1.061532045634749e+04 1.090923992505805e+04  3.508956572967420e+04 9.097711134298996e+03 9.349610682133778e+03
2.660000000001510e-07 2.340813500001310e+02  2.891523242550929e+04 1.266355539461007e+04 1.301418687002114e+04  3.395388243978501e+04 9.299396006882127e+03 9.556879852509928e+03
2.680000000001540e-07 2.358113500001330e+02  2.807360123635580e+04 4.004628891570717e+03 4.115509990359363e+03  3.000227897988786e+04 1.201671695577445e+04 1.234943861762257e+04
2.700000000001560e-07 2.375413500001350e+02  3.233453659421998e+04 9.547720925072619e+03 9.812080448954532e+03  3.164034062865814e+04 8.264809546322256e+03 8.493647520723338e+03
2.720000000001580e-07 2.392713500001370e+02  3.026297735057113e+04 7.045881016103170e+03 7.240969013056902e+03  3.299920626644565e+04 7.860503816574142e+03 8.078147279629771e+03
2.740000000001600e-07 2.410013500001390e+02  3.090381176556152e+04 1.029194386901910e+04 1.057690961135542e+04  3.163392679445419e+04 7.591325745022566e+03 7.801516142850037e+03
2.760000000001630e-07 2.427313500001410e+02  2.931037771094863e+04 1.093860301675067e+04 1.124147360839603e+04  2.807898488506346e+04 8.887314537908842e+03 9.133388575709912e+03
2.780000000001650e-07 2.444613500001430e+02  3.089113767479346e+04 1.194826889822705e+04 1.227909535429299e+04  3.279348884497200e+04 8.063486565857138e+03 8.286750262618571e+03
2.800000000001670e-07 2.461913500001450e+02  2.955281052590816e+04 1.034083457131810e+04 1.062715401082293e+04  3.279948006847607e+04 9.268589085673893e+03 9.525219942081882e+03
2.820000000001700e-07 2.479213500001470e+02  2.992335808592560e+04 6.452476265911000e+03 6.631133933735807e+03  3.329280061217196e+04 9.440590784139140e+03 9.701984063691876e+03
2.840000000001720e-07 2.496513500001490e+02  2.883719675309195e+04 9.288037786401430e+03 9.545207142971374e+03  3.458533221194293e+04 5.426299124807643e+03 5.576543760604231e+03
2.860000000001740e-07 2.513813500001510e+02  3.261629192593908e+04 5.703567273871698e+03 5.861488974849539e+03  2.886247751426763e+04 1.018939148544500e+04 1.047151773346562e+04
2.880000000001760e-07 2.531113500001530e+02  3.023654388331932e+04 7.399515629043481e+03 7.604395143641969e+03  3.112255311027365e+04 7.455921955637308e+03 7.662363261762727e+03
2.900000000001790e-07 2.548413500001540e+02  3.580159621082573e+04 6.668570960026146e+03 6.853211908143497e+03  2.643356130842607e+04 8.086423389085331e+03 8.310322165958087e+03
2.920000000001810e-07 2.565713500001560e+02  3.205193890290596e+04 9.969410557298072e+03 1.024544592207185e+04  3.158517667534422e+04 8.182319616930905e+03 8.408873590927065e+03
2.940000000001830e-07 2.583013500001580e+02  3.116820217528080e+04 8.725514462920242e+03 8.967108542506812e+03  3.258513586245152e+04 1.097167577746490e+04 1.127546209542280e+04
2.960000000001850e-07 2.600313500001600e+02  2.866124931737399e+04 6.668499356294744e+03 6.853138321831279e+03  3.120517860057497e+04 7.802134641014571e+03 8.018161964723293e+03
2.980000000001880e-07 2.617613500001620e+02  2.936589402931889e+04 9.497122566335327e+03 9.760081111058971e+03  3.473493015503099e+04 8.216469834646539e+03 8.443969367836000e+03
3.000000000001900e-07 2.634913500001640e+02  3.209255225615161e+04 5.201317871860342e+03 5.345333174250743e+03  3.116228178857102e+04 8.435106331766097e+03 8.668659523282537e+03
3.020000000001920e-07 2.652213500001660e+02  2.684993494788792e+04 9.891126158965611e+03 1.016499396705932e+04  2.838184360324663e+04 8.001738528000652e+03 8.223292530687815e+03
3.040000000001940e-07 2.669513500001680e+02  2.907729612434052e+04 9.552399234912446e+03 9.816888292928374e+03  3.139282771001048e+04 8.396083077315987e+03 8.628555783861437e+03
3.060000000001970e-07 2.686813500001700e+02  2.481809082302723e+04 1.138162082453837e+04 1.169675779657514e+04  3.151848960518913e+04 8.528036727582294e+03 8.764162997573159e+03
3.080000000001990e-07 2.704113500001720e+02  2.138972856110786e+04 7.375984520610537e+03 7.580212500390344e+03  2.712758458447210e+04 1.074281115438305e+04 1.104026061527672e+04
3.100000000002010e-07 2.721413500001740e+02  2.677295530560051e+04 7.973345792815679e+03 8.194113650828724e+03  3.027238312113612e+04 8.922267248388140e+03 9.169309064989324e+03
3.120000000002040e-07 2.738713500001760e+02  2.739419505780045e+04 7.918825069488061e+03 8.138083344997209e+03  3.075213436139993e+04 1.017512081965153e+04 1.045685193814917e+04
3.140000000002060e-07 2.756013500001780e+02  3.124068185620907e+04 6.322574950142330e+03 6.497635880037977e+03  2.770377604992649e+04 9.779792998221921e+03 1.005057818779364e+04
3.160000000002080e-07 2.773313500001800e+02  2.747031048859968e+04 5.352512296285991e+03 5.500713905164446e+03  3.003701245013920e+04 7.738872638302009e+03 7.953148348924408e+03
3.180000000002100e-07 2.790613500001820e+02  2.805580221383244e+04 1.087286495407501e+04 1.117391537490827e+04  2.606496953352397e+04 1.260785702280805e+04 1.295694630870959e+04
3.200000000002130e-07 2.807913500001840e+02  2.665658885093837e+04 5.215705185944320e+03 5.360118847642772e+03  3.105165576777622e+04 9.795342206881169e+03 1.006655792656894e+04
3.220000000002150e-07 2.825213500001860e+02  2.990506711067195e+04 9.994389012734746e+03 1.027111598680862e+04  2.740465806546888e+04 8.153439624014787e+03 8.379193962031122e+03
3.240000000002170e-07 2.842513500001880e+02  3.015357120797654e+04 4.547368988478140e+03 4.673277601658548e+03  2.776822043519101e+04 1.235090213247944e+04 1.269287679144546e+04
3.260000000002190e-07 2.859813500001900e+02  2.977936434679615e+04 1.073945789891154e+04 1.103681451408560e+04  2.706492510320311e+04 1.162190917063607e+04 1.194369930244440e+04
3.280000000002220e-07 2.877113500001920e+02  2.701713957040870e+04 1.141399166685538e+04 1.173002493032439e+04  3.172694224631978e+04 9.489951337595556e+03 9.752711323665237e+03
3.300000000002240e-07 2.894413500001940e+02  1.935839434468429e+04 1.106003997374747e+04 1.136627294018208e+04  3.087069566296912e+04 6.648261520008564e+03 6.832340135613737e+03
3.320000000002260e-07 2.911713500001960e+02  2.295408398524954e+04 6.976361951371744e+03 7.169525088246580e+03  2.836034744597970e+04 1.093859484910341e+04 1.124146521460104e+04
3.340000000002280e-07 2.929013500001980e+02  2.781521446992991e+04 7.394589142164507e+03 7.599332251045238e+03  2.903367167284534e+04 7.336729902155256e+03 7.539870990903534e+03
3.360000000002310e-07 2.946313500002000e+02  2.358272606287535e+04 1.035334189060410e+04 1.064000763568252e+04  2.869890984248957e+04 1.372214927123146e+04 1.410209134080465e+04
3.380000000002330e-07 2.963613500002020e+02  2.567414254023261e+04 7.311635378286618e+03 7.514081644004979e+03  3.387243372307945e+04 8.879197882350116e+03 9.125047184298948e+03
3.400000000002350e-07 2.980913500002040e+02  2.400439059615401e+04 6.880502281340569e+03 7.071011233313292e+03  3.257765225337840e+04 1.301219524630890e+04 1.337247994325050e+04
3.420000000002380e-07 2.998213500002050e+02  2.395149736288939e+04 7.440127969512718e+03 7.646131968066534e+03  2.520381655768135e+04 1.485836098299155e+04 1.526976274744973e+04
3.440000000002400e-07 3.015513500002070e+02  2.323995941977183e+04 7.026590918761238e+03 7.221144807000548e+03  2.499056733009988e+04 6.071207738391895e+03 6.239308754299758e+03
3.460000000002420e-07 3.032813500002090e+02  2.383004129764632e+04 7.485609698531524e+03 7.692873005806562e+03  2.598088600590568e+04 8.191961036954677e+03 8.418781964837219e+03
3.480000000002440e-07 3.050113500002110e+02  2.847420998743583e+04 9.928956841800256e+03 1.020387211466391e+04  3.006558116868582e+04 7.955206696208302e+03 8.175472314683723e+03
3.500000000002470e-07 3.067413500002130e+02  2.260413136555625e+04 9.569415006506870e+03 9.834375201175459e+03  2.776045388067258e+04 6.414054769507187e+03 6.591648613978144e+03
3.520000000002490e-07 3.084713500002150e+02  2.511035052897000e+04 6.771943451060170e+03 6.959446600819849e+03  2.253760879000843e+04 5.741679878693024e+03 5.900656850362533e+03
3.540000000002510e-07 3.102013500002170e+02  2.716451228033876e+04 9.084324782000831e+03 9.335853685390950e+03  2.541321403230984e+04 8.362789124269706e+03 8.594339980077733e+03
3.560000000002530e-07 3.119313500002190e+02  2.501325632200984e+04 8.186014982263504e+03 8.412671274396898e+03  2.627777972675085e+04 8.353301580403526e+03 8.584589742884114e+03
3.580000000002560e-07 3.136613500002210e+02  2.455238328263073e+04 1.158971550927066e+04 1.191061425547426e+04  2.552613817723146e+04 1.317244384028962e+04 1.353716553767770e+04
3.600000000002580e-07 3.153913500002230e+02  2.522390084184809e+04 8.529821126145067e+03 8.765996802979531e+03  2.452485205632418e+04 8.825506769823167e+03 9.069869459725449e+03
3.620000000002600e-07 3.171213500002250e+02  2.489835092895639e+04 1.076027464219330e+04 1.105820763621064e+04  2.168707064535654e+04 1.178645169460983e+04 1.211279771819980e+04
3.640000000002630e-07 3.188513500002270e+02  2.285241500265674e+04 7.557677050305855e+03 7.766935775225795e+03  2.123020722064050e+04 6.462458166224201e+03 6.641392215233056e+03
3.660000000002650e-07 3.205813500002290e+02  2.438880272464267e+04 4.915747777794049e+03 5.051856148813632e+03  2.800014630790780e+04 1.052908311062959e+04 1.082061481959793e+04
3.680000000002670e-07 3.223113500002310e+02  2.541983576462778e+04 9.261844767837005e+03 9.518288885999682e+03  2.568322349048303e+04 8.096927473455028e+03 8.321117089865782e+03
3.700000000002690e-07 3.240413500002330e+02  2.467343340812270e+04 9.309114856741366e+03 9.566867800150892e+03  2.347709077616143e+04 9.418731670249843e+03 9.679519709558796e+03
3.720000000002720e-07 3.257713500002350e+02  2.324559475058729e+04 8.604971237835040e+03 8.843227688489971e+03  2.415322413103030e+04 1.076645749802433e+04 1.106456168439600e+04
3.740000000002740e-07 3.275013500002370e+02  2.582785446758771e+04 6.107337396826589e+03 6.276438779144066e+03  2.523215761546965e+04 5.060727941458312e+03 5.200850557064575e+03
3.760000000002760e-07 3.292313500002390e+02  1.989398423359421e+04 8.161572671530568e+03 8.387552199263469e+03  2.660086398010782e+04 8.307557534722186e+03 8.537579125396618e+03
3.780000000002780e-07 3.309613500002410e+02  2.206609123922460e+04 8.117878417104595e+03 8.342648128129711e+03  2.666290122530123e+04 8.895129930673185e+03 9.141420362891975e+03
3.800000000002810e-07 3.326913500002430e+02  2.192196634082379e+04 6.530853448354318e+03 6.711681241887293e+03  2.389272585376280e+04 1.341931250420600e+04 1.379086955874020e+04
3.820000000002830e-07 3.344213500002450e+02  2.079642675032368e+04 1.034952113541058e+04 1.063608109052805e+04  2.248555765789588e+04 8.648367107666430e+03 8.887825113286899e+03
3.840000000002850e-07 3.361513500002470e+02  1.876965539328988e+04 1.198648323302737e+04 1.231836777650836e+04  1.877036472090961e+04 1.004343752906747e+04 1.032152256990164e+04
3.860000000002870e-07 3.378813500002490e+02  1.967757235824130e+04 5.611624547986423e+03 5.767000517325249e+03  1.825638899851642e+04 7.552172062412180e+03 7.761278363943337e+03
3.880000000002900e-07 3.396113500002510e+02  2.131550513318658e+04 8.748354575265332e+03 8.990581057209734e+03  1.896514211672995e+04 1.012551862770714e+04 1.040587634914502e+04
3.900000000002920e-07 3.413413500002530e+02  2.395194410799432e+04 7.723452342586106e+03 7.937301092464098e+03  2.372118839957523e+04 9.276401091018961e+03 9.533248248053013e+03
3.920000000002940e-07 3.430713500002550e+02  2.145481078007931e+04 8.399825774294808e+03 8.632402109507153e+03  2.383371809265426e+04 7.666151077379066e+03 7.878413256461068e+03
3.940000000002970e-07 3.448013500002560e+02  1.914178690611821e+04 9.547748471950035e+03 9.812108758556316e+03  1.995645863130275e+04 1.006655025198588e+04 1.034527524328301e+04
3.960000000002990e-07 3.465313500002580e+02  2.011011199230419e+04 1.125760923440713e+04 1.156931254461190e+04  1.829073207297565e+04 6.393150408302225e+03 6.570165447944409e+03
3.980000000003010e-07 3.482613500002600e+02  2.460843074014310e+04 1.227252206528065e+04 1.261232651866471e+04  1.315716977746689e+04 7.552972851219346e+03 7.762101325177773e+03
4.000000000003030e-07 3.499913500002620e+02  2.093739821174501e+04 1.098882315134114e+04 1.129308424978637e+04  2.326750861722300e+04 6.706351154933487e+03 6.892038169899277e+03
