#               t [s]                 T [K]          ΔM-Mean [A/m]     ΔM-Std.Dev. [A/m]        ΔM-Error [A/m]   ΔM_fitted-Mean [A/m] ΔM_fitted-Std.Dev. [A/m] ΔM_fitted-Error [A/m]
2.000000000000000e-09 5.721350000000000e+00 -2.007537983152348e+05 1.183231445744699e+04 1.215993033991142e+04 -1.925098366849580e+05    1.128082949623460e+04 1.159317573446474e+04
4.000000000000020e-09 7.451350000000020e+00 -2.000900822251982e+05 1.155471325771719e+04 1.187464285341586e+04 -1.925098366849580e+05    1.128082949623460e+04 1.159317573446474e+04
5.999999999999970e-09 9.181349999999981e+00 -1.994985794617793e+05 1.244313733366006e+04 1.278766582238928e+04 -1.925098366849580e+05    1.128082949623460e+04 1.159317573446474e+04
7.999999999999919e-09 1.091134999999990e+01 -1.993203163364450e+05 1.090136065124467e+04 1.120320006758750e+04 -1.925098366849580e+05    1.128082949623460e+04 1.159317573446474e+04
9.999999999999879e-09 1.264134999999990e+01 -1.991178866287398e+05 1.152565867691762e+04 1.184478380260642e+04 -1.925098366849580e+05    1.128082949623460e+04 1.159317573446474e+04
1.199999999999980e-08 1.437134999999990e+01 -1.987599496270804e+05 1.209564294279754e+04 1.243054992578304e+04 -1.925098366849580e+05    1.128082949623460e+04 1.159317573446474e+04
1.399999999999980e-08 1.610134999999980e+01 -1.976301912721114e+05 1.155792022034398e+04 1.187793861117184e+04 -1.925098366849580e+05    1.128082949623460e+04 1.159317573446474e+04
1.599999999999990e-08 1.783134999999990e+01 -1.988615242089141e+05 1.184358097131696e+04 1.217150880364522e+04 -1.925098366849580e+05    1.128082949623460e+04 1.159317573446474e+04
1.800000000000020e-08 1.956135000000020e+01 -1.987081523280974e+05 1.228853128329319e+04 1.262877900363957e+04 -1.925098366849580e+05    1.128082949623455e+04 1.159317573446469e+04
2.000000000000050e-08 2.129135000000040e+01 -1.977431933479572e+05 1.135699545016566e+04 1.167145058909318e+04 -1.925098366849570e+05    1.128082949623400e+04 1.159317573446412e+04
2.200000000000080e-08 2.302135000000070e+01 -1.966320539331214e+05 1.202837181686148e+04 1.236141618122176e+04 -1.925098366849438e+05    1.128082949622781e+04 1.159317573445776e+04
2.400000000000100e-08 2.475135000000090e+01 -1.964199937464831e+05 1.237717408082657e+04 1.271987616362608e+04 -1.925098366848204e+05    1.128082949617738e+04 1.159317573440593e+04
2.600000000000130e-08 2.648135000000110e+01 -1.959969069009511e+05 1.158212480007211e+04 1.190281337294896e+04 -1.925098366839062e+05    1.128082949585945e+04 1.159317573407921e+04
2.800000000000160e-08 2.821135000000140e+01 -1.962854344564889e+05 1.040541716356406e+04 1.069352478094622e+04 -1.925098366783768e+05    1.128082949425387e+04 1.159317573242917e+04
3.000000000000180e-08 2.994135000000160e+01 -1.966828301577389e+05 1.294362158571383e+04 1.330200759914676e+04 -1.925098366502862e+05    1.128082948757814e+04 1.159317572556860e+04
3.200000000000140e-08 3.167135000000130e+01 -1.959897573552130e+05 1.235509745247111e+04 1.269718827243556e+04 -1.925098365276006e+05    1.128082946423606e+04 1.159317570158021e+04
3.400000000000110e-08 3.340135000000090e+01 -1.959808285675889e+05 1.215360274807974e+04 1.249011453567243e+04 -1.925098360580714e+05    1.128082939447958e+04 1.159317562989230e+04
3.600000000000070e-08 3.513135000000060e+01 -1.952305608055513e+05 1.116529843323135e+04 1.147444582044261e+04 -1.925098344582759e+05    1.128082921427099e+04 1.159317544469406e+04
3.800000000000030e-08 3.686135000000030e+01 -1.948120145424999e+05 1.044964597570393e+04 1.073897821075254e+04 -1.925098295401940e+05    1.128082880933493e+04 1.159317502854603e+04
3.999999999999990e-08 3.859134999999990e+01 -1.944400681802186e+05 1.063308530372400e+04 1.092749664967218e+04 -1.925098157435234e+05    1.128082801855510e+04 1.159317421587091e+04
4.199999999999950e-08 4.032134999999960e+01 -1.941991991350173e+05 1.289469971815630e+04 1.325173117150978e+04 -1.925097800810596e+05    1.128082669379095e+04 1.159317285442638e+04
4.399999999999920e-08 4.205134999999930e+01 -1.936814472142237e+05 1.138188048343846e+04 1.169702464497142e+04 -1.925096944277597e+05    1.128082486775565e+04 1.159317097783139e+04
4.599999999999880e-08 4.378134999999900e+01 -1.929935647602119e+05 1.311854242000101e+04 1.348177168229219e+04 -1.925095018795692e+05    1.128082307954043e+04 1.159316914010364e+04
4.799999999999840e-08 4.551134999999860e+01 -1.916632785100182e+05 1.042954403067401e+04 1.071831967838006e+04 -1.925090941474618e+05    1.128082287698817e+04 1.159316893194308e+04
4.999999999999800e-08 4.724134999999830e+01 -1.914759575567002e+05 1.217786511173603e+04 1.251504868131258e+04 -1.925082762440216e+05    1.128082745841910e+04 1.159317364022573e+04
5.199999999999770e-08 4.897134999999800e+01 -1.925454308462272e+05 1.245052377724388e+04 1.279525678354586e+04 -1.925067141911225e+05    1.128084236270845e+04 1.159318895718852e+04
5.399999999999730e-08 5.070134999999760e+01 -1.920077972577547e+05 1.302662895856940e+04 1.338731329950258e+04 -1.925038612497704e+05    1.128087613270245e+04 1.159322366221398e+04
5.599999999999690e-08 5.243134999999730e+01 -1.927278987193020e+05 1.065465607230737e+04 1.094966467472725e+04 -1.924988583471599e+05    1.128094106335879e+04 1.159329039068549e+04
5.799999999999650e-08 5.416134999999700e+01 -1.900780568889061e+05 1.047500588441229e+04 1.076504029052815e+04 -1.924904050265150e+05    1.128105461867988e+04 1.159340709015280e+04
5.999999999999610e-08 5.589134999999670e+01 -1.901564400899813e+05 1.264263631556346e+04 1.299268857863473e+04 -1.924765984319914e+05    1.128124294925359e+04 1.159360063526736e+04
6.199999999999580e-08 5.762134999999630e+01 -1.930901914095269e+05 1.183794952785263e+04 1.216572143546077e+04 -1.924547396213685e+05    1.128154916055507e+04 1.159391532501877e+04
6.399999999999540e-08 5.935134999999600e+01 -1.897627227035127e+05 1.371250677766185e+04 1.409218186362406e+04 -1.924211089318519e+05    1.128205038922772e+04 1.159443043182782e+04
6.599999999999501e-08 6.108134999999570e+01 -1.892605265828018e+05 1.291637244767937e+04 1.327400398062282e+04 -1.923707152492574e+05    1.128288890122468e+04 1.159529216074053e+04
6.799999999999460e-08 6.281134999999540e+01 -1.897969354599239e+05 1.174494688921413e+04 1.207014371807174e+04 -1.922970278270810e+05    1.128432260396301e+04 1.159676556017467e+04
6.999999999999419e-08 6.454134999999501e+01 -1.890331072219522e+05 9.535239586595164e+03 9.799253524266169e+03 -1.921917036302529e+05    1.128679862344672e+04 1.159931013626335e+04
7.199999999999389e-08 6.627134999999470e+01 -1.882377389663512e+05 9.727486943657266e+03 9.996823870990342e+03 -1.920443277311997e+05    1.129104901661123e+04 1.160367821530516e+04
7.399999999999350e-08 6.800134999999440e+01 -1.884880738814832e+05 1.266289588575431e+04 1.301350910053036e+04 -1.918421885676170e+05    1.129819977078580e+04 1.161102696122915e+04
7.599999999999310e-08 6.973134999999399e+01 -1.840010752429691e+05 1.032581489912275e+04 1.061171847044065e+04 -1.915701132274014e+05    1.130987341669193e+04 1.162302382976589e+04
7.799999999999270e-08 7.146134999999370e+01 -1.875442870306977e+05 1.024980498713366e+04 1.053360397827986e+04 -1.912103896254587e+05    1.132825368401453e+04 1.164191301421713e+04
7.999999999999240e-08 7.319134999999341e+01 -1.846730800039353e+05 1.081052383771911e+04 1.110984814318227e+04 -1.907428017978990e+05    1.135607113908715e+04 1.167050068547393e+04
8.199999999999200e-08 7.492134999999310e+01 -1.830821935733951e+05 1.011048915556046e+04 1.039043073746807e+04 -1.901448010727991e+05    1.139646651908336e+04 1.171201454217330e+04
8.399999999999159e-08 7.665134999999270e+01 -1.822960892032348e+05 1.093012518084804e+04 1.123276103619555e+04 -1.893918294164405e+05    1.145269865501442e+04 1.176980364659959e+04
8.599999999999120e-08 7.838134999999239e+01 -1.820746917301343e+05 1.241463348094980e+04 1.275837274835695e+04 -1.884578020374278e+05    1.152768973703391e+04 1.184687109918893e+04
8.799999999999080e-08 8.011134999999210e+01 -1.825086945917070e+05 1.411111461297027e+04 1.450182644564772e+04 -1.873157450148827e+05    1.162344074083122e+04 1.194527327911233e+04
8.999999999999050e-08 8.184134999999171e+01 -1.785802726884583e+05 1.260288719652964e+04 1.295183887672202e+04 -1.859385713155692e+05    1.174039553090726e+04 1.206546634069450e+04
9.199999999999010e-08 8.357134999999140e+01 -1.766379735989175e+05 1.206402428931547e+04 1.239805580764863e+04 -1.842999663244288e+05    1.187686837866541e+04 1.220571788049229e+04
9.399999999998970e-08 8.530134999999110e+01 -1.780288258022733e+05 1.315979822623258e+04 1.352416978890920e+04 -1.823753432419880e+05    1.202865998621371e+04 1.236171232947422e+04
9.599999999998931e-08 8.703134999999079e+01 -1.736231846586214e+05 1.000937576437499e+04 1.028651769512379e+04 -1.801428205902032e+05    1.218896251803746e+04 1.252645335518804e+04
9.799999999998890e-08 8.876134999999040e+01 -1.719676995031988e+05 1.459812163464349e+04 1.500231783132644e+04 -1.775841695254186e+05    1.234859953733750e+04 1.269051044151216e+04
9.999999999998860e-08 9.049134999999011e+01 -1.685829752549255e+05 1.297219628939917e+04 1.333137348589250e+04 -1.746856781976475e+05    1.249658007581751e+04 1.284258829965657e+04
1.019999999999880e-07 9.222134999998980e+01 -1.691093605385327e+05 1.150991137017478e+04 1.182860048076158e+04 -1.714388840839582e+05    1.262088929563294e+04 1.297033942214410e+04
1.039999999999880e-07 9.395134999998940e+01 -1.644274456247161e+05 1.196051573875176e+04 1.229168128819459e+04 -1.678411326858178e+05    1.270940644966379e+04 1.306130745978148e+04
1.059999999999870e-07 9.568134999998910e+01 -1.596800413108951e+05 1.279052406643435e+04 1.314467108004504e+04 -1.638959314702537e+05    1.275083706126909e+04 1.310388521182418e+04
1.079999999999870e-07 9.741134999998880e+01 -1.543060225659652e+05 9.880959379316257e+03 1.015454568724374e+04 -1.596130804460398e+05    1.273556347115384e+04 1.308818872298341e+04
1.099999999999870e-07 9.914134999998851e+01 -1.509168985952534e+05 1.036005917067331e+04 1.064691090536903e+04 -1.550085741628584e+05    1.265634546836526e+04 1.300677731365683e+04
1.119999999999860e-07 1.008713499999880e+02 -1.483524907815416e+05 8.722784868645476e+03 8.964303370589116e+03 -1.501042830712913e+05    1.250883153330777e+04 1.285517897835934e+04
1.139999999999860e-07 1.026013499999880e+02 -1.444873136751479e+05 1.259423370648507e+04 1.294294578682676e+04 -1.449274340726711e+05    1.229186588143900e+04 1.263220593091660e+04
1.159999999999860e-07 1.043313499999870e+02 -1.421452733155847e+05 1.044838944603610e+04 1.073768688999820e+04 -1.395099199169492e+05    1.200759491515579e+04 1.234006400381564e+04
1.179999999999850e-07 1.060613499999870e+02 -1.347731471452857e+05 1.103977520872386e+04 1.134544707961795e+04 -1.338874743318265e+05    1.166138869023645e+04 1.198427194019166e+04
1.199999999999860e-07 1.077913499999880e+02 -1.277264188637295e+05 1.290330764957985e+04 1.326057744134629e+04 -1.280987541246277e+05    1.126159910366575e+04 1.157341288630115e+04
1.219999999999880e-07 1.095213499999900e+02 -1.262832495356796e+05 1.490812531243278e+04 1.532090496325156e+04 -1.221843709908465e+05    1.081917730389732e+04 1.111874120855036e+04
1.239999999999900e-07 1.112513499999920e+02 -1.199798374861973e+05 1.532761969088852e+04 1.575201439990077e+04 -1.161859146175614e+05    1.034716892259301e+04 1.063366374909336e+04
1.259999999999930e-07 1.129813499999940e+02 -1.087956415023583e+05 1.222392673806839e+04 1.256238567269823e+04 -1.101450052842556e+05    9.860098194954751e+03 1.013310689354397e+04
1.279999999999950e-07 1.147113499999960e+02 -1.050087958091125e+05 1.466377466560268e+04 1.506978867871973e+04 -1.041024090468580e+05    9.373243293293654e+03 9.632771839811743e+03
1.299999999999970e-07 1.164413499999980e+02 -1.051417622184786e+05 1.366682254400448e+04 1.404523271424981e+04 -9.809724230114446e+04    8.901800224645725e+03 9.148275345519805e+03
1.319999999999990e-07 1.181713500000000e+02 -9.776245301514630e+04 1.170178343483184e+04 1.202578514389708e+04 -9.216628561344941e+04    8.459939732294348e+03 8.694180516796750e+03
1.340000000000020e-07 1.199013500000010e+02 -9.277842108025213e+04 9.023580988428759e+03 9.273428003494584e+03 -8.634341968705323e+04    8.059790703083720e+03 8.282952067934661e+03
1.360000000000040e-07 1.216313500000030e+02 -8.638946728476194e+04 8.300711122351053e+03 8.530543147962897e+03 -8.065918963150252e+04    7.710439139729914e+03 7.923927577012026e+03
1.380000000000060e-07 1.233613500000050e+02 -7.888310866999449e+04 7.877886024336931e+03 8.096010770015319e+03 -7.514049765418000e+04    7.417100595220282e+03 7.622467006463788e+03
1.400000000000090e-07 1.250913500000070e+02 -7.252247895590034e+04 9.343516790003856e+03 9.602222262165455e+03 -6.981041913155395e+04    7.180666915928905e+03 7.379486896314448e+03
1.420000000000110e-07 1.268213500000090e+02 -6.857442746938101e+04 9.995924106390432e+03 1.027269358449549e+04 -6.468813287706151e+04    6.997794653570858e+03 7.191551224103141e+03
1.440000000000130e-07 1.285513500000110e+02 -6.224572894282192e+04 1.179991359605289e+04 1.212663235590987e+04 -5.978895335003293e+04    6.861573689717316e+03 7.051558542430274e+03
1.460000000000150e-07 1.302813500000130e+02 -5.825608817352833e+04 1.439849918615953e+04 1.479716818992896e+04 -5.512445051941600e+04    6.762639539160748e+03 6.949885080037714e+03
1.480000000000180e-07 1.320113500000150e+02 -5.410474321386505e+04 1.162551071772998e+04 1.194740057001427e+04 -5.070264202466900e+04    6.690466008426032e+03 6.875713191750275e+03
1.500000000000200e-07 1.337413500000170e+02 -4.623559464023636e+04 1.461947240967331e+04 1.502425977159514e+04 -4.652824204251926e+04    6.634562015453196e+03 6.818261315980971e+03
1.520000000000220e-07 1.354713500000190e+02 -4.051581153724533e+04 1.602759879374486e+04 1.647137468741998e+04 -4.260295172793762e+04    6.585384739757427e+03 6.767722408405641e+03
1.540000000000240e-07 1.372013500000210e+02 -3.760415600668247e+04 1.564458671486306e+04 1.607775768076444e+04 -3.892577709743471e+04    6.534904296560773e+03 6.715844250923707e+03
1.560000000000270e-07 1.389313500000230e+02 -3.565887509524985e+04 1.533382094754392e+04 1.575838735839683e+04 -3.549336161181095e+04    6.476851769498331e+03 6.656184351951802e+03
1.580000000000290e-07 1.406613500000250e+02 -2.984246418373115e+04 1.508779324694206e+04 1.550554758543725e+04 -3.230032235402407e+04    6.406729850860341e+03 6.584120881275340e+03
1.600000000000310e-07 1.423913500000270e+02 -2.505283836454077e+04 1.543001614212676e+04 1.585724602796382e+04 -2.933958046273037e+04    6.321672123905212e+03 6.496708056137431e+03
1.620000000000330e-07 1.441213500000290e+02 -2.525857288952952e+04 1.360577356795783e+04 1.398249339991533e+04 -2.660267827015622e+04    6.220222241434770e+03 6.392449205658997e+03
1.640000000000360e-07 1.458513500000310e+02 -2.197880484954650e+04 1.263614159863037e+04 1.298601403446436e+04 -2.408007732231987e+04    6.102083378339862e+03 6.271039286168032e+03
1.660000000000380e-07 1.475813500000330e+02 -1.749213328698538e+04 1.356757667335930e+04 1.394323890079012e+04 -2.176143306905452e+04    5.967869573267852e+03 6.133109337957188e+03
1.680000000000400e-07 1.493113500000350e+02 -1.417675699052777e+04 1.587868062477842e+04 1.631833323745756e+04 -1.963584345886637e+04    5.818876621294069e+03 5.979991034378069e+03
1.700000000000430e-07 1.510413500000370e+02 -1.139007998603675e+04 1.399922772260581e+04 1.438684160496637e+04 -1.769206993433737e+04    5.656880905473961e+03 5.813509943394486e+03
1.720000000000450e-07 1.527713500000390e+02 -1.119216781181719e+04 1.218477715062936e+04 1.252215210235095e+04 -1.591873038676372e+04    5.483968866731867e+03 5.635810275793731e+03
1.740000000000470e-07 1.545013500000410e+02 -9.091453592194710e+03 1.393896228237345e+04 1.432490752116855e+04 -1.430446449448540e+04    5.302396558238599e+03 5.449210550873014e+03
1.760000000000490e-07 1.562313500000430e+02 -1.186388988601091e+04 1.081450663946008e+04 1.111394122166679e+04 -1.283807254704632e+04    5.114477013646829e+03 5.256087846100269e+03
1.780000000000520e-07 1.579613500000450e+02 -9.748014914022227e+03 8.781226356585852e+03 9.024363000078465e+03 -1.150862936207667e+04    4.922492364322211e+03 5.058787481026691e+03
1.800000000000540e-07 1.596913500000470e+02 -8.561095548283731e+03 1.159051807372427e+04 1.191143904151964e+04 -1.030557525261844e+04    4.728627380324059e+03 4.859554718134568e+03
1.820000000000560e-07 1.614213500000490e+02 -3.407424724272177e+03 1.251296657942788e+04 1.285942851660088e+04 -9.218786220554397e+03    4.534921148785545e+03 4.660485103277214e+03
1.840000000000580e-07 1.631513500000510e+02 -5.577676522301559e+03 9.081348963966664e+03 9.332795472212974e+03 -8.238625658383364e+03    4.343233804325688e+03 4.463490274914834e+03
1.860000000000610e-07 1.648813500000520e+02  1.208926168670732e+03 1.544644592777107e+04 1.587413072534513e+04 -7.355979857795527e+03    4.155225510556334e+03 4.270276363656579e+03
1.880000000000630e-07 1.666113500000540e+02 -5.851652526552164e+02 1.714379950624778e+04 1.761848102559311e+04 -6.562279568926509e+03    3.972345215019913e+03 4.082332435842382e+03
1.900000000000650e-07 1.683413500000560e+02 -1.303582512598256e+03 1.790591372832235e+04 1.840169684400384e+04 -5.849509746523821e+03    3.795827036626442e+03 3.900926780954488e+03
1.920000000000670e-07 1.700713500000580e+02 -2.770785202998343e+03 1.133341290110929e+04 1.164721508091814e+04 -5.210209474017342e+03    3.626692479899328e+03 3.727109187171804e+03
1.940000000000700e-07 1.718013500000600e+02 -5.695266469077830e+03 1.458819693079170e+04 1.499211832995957e+04 -4.637463886921337e+03    3.465756994365351e+03 3.561717682377801e+03
1.960000000000720e-07 1.735313500000620e+02 -4.830291770301137e+02 1.022176885154421e+04 1.050479157162907e+04 -4.124889733997763e+03    3.313639702547546e+03 3.405388531504339e+03
1.980000000000740e-07 1.752613500000640e+02  7.765456715278975e+02 1.223809148493552e+04 1.257694261638041e+04 -3.666616027014677e+03    3.170775398779974e+03 3.258568567572409e+03
2.000000000000770e-07 1.769913500000660e+02 -2.556301002945050e+03 1.034253593946537e+04 1.062890248684829e+04 -3.257261044569090e+03    3.037428165377804e+03 3.121529184869918e+03
2.020000000000790e-07 1.787213500000680e+02  1.179206125516129e+03 1.002338546238590e+04 1.030091529692084e+04 -2.891906777423838e+03    2.913706154010350e+03 2.994381529594824e+03
2.040000000000810e-07 1.804513500000700e+02 -2.114396652683600e+03 1.462402927317897e+04 1.502894280660038e+04 -2.566071735752593e+03    2.799577230549894e+03 2.877092577882188e+03
2.060000000000830e-07 1.821813500000720e+02 -9.693563746868043e+02 1.465243220846773e+04 1.505813216898611e+04 -2.275682884967932e+03    2.694885275937555e+03 2.769501888012212e+03
2.080000000000860e-07 1.839113500000740e+02  2.523808627015479e+03 1.217281513675195e+04 1.250985888144329e+04 -2.017047337775662e+03    2.599366973409109e+03 2.671338852444689e+03
2.100000000000880e-07 1.856413500000760e+02  1.481740075041508e+03 1.350518822201969e+04 1.387912302345835e+04 -1.786824306293861e+03    2.512668900312896e+03 2.582240262879147e+03
2.120000000000900e-07 1.873713500000780e+02  4.242177345369799e+03 1.658930054766671e+04 1.704862897051562e+04 -1.581997709421851e+03    2.434364694702679e+03 2.501767952160337e+03
2.140000000000920e-07 1.891013500000800e+02  2.922726824465029e+03 1.639157341867566e+04 1.684542712665923e+04 -1.399849736599991e+03    2.363972002816799e+03 2.429426211003144e+03
2.160000000000950e-07 1.908313500000820e+02 -5.349481333130637e+03 1.315585116605393e+04 1.352011344160771e+04 -1.237935588806131e+03    2.300968855783531e+03 2.364678618139978e+03
2.180000000000970e-07 1.925613500000840e+02 -3.724583218217586e+03 1.065845614064048e+04 1.095356996023870e+04 -1.094059550017428e+03    2.244809092376170e+03 2.306963890104701e+03
2.200000000000990e-07 1.942913500000860e+02 -3.261399403534824e+03 1.020771624012378e+04 1.049034986822600e+04 -9.662524862368742e+02    2.194936452449511e+03 2.255710364891469e+03
2.220000000001010e-07 1.960213500000880e+02  1.415976769893408e+03 1.393827545388168e+04 1.432420167560932e+04 -8.527508233044136e+02    2.150797016240856e+03 2.210348785677995e+03
2.240000000001040e-07 1.977513500000900e+02  2.741370668235680e+03 1.245191987234866e+04 1.279669153405752e+04 -7.519770178494078e+02    2.111849751710021e+03 2.170323140202779e+03
2.260000000001060e-07 1.994813500000920e+02  1.409180484551115e+03 6.923857133840139e+03 7.115566505080946e+03 -6.625215067053116e+02    2.077575041989444e+03 2.135099424325232e+03
2.280000000001080e-07 2.012113500000940e+02  3.329881377678566e+03 9.897588050389535e+03 1.017163477684016e+04 -5.831260977822977e+02    2.047481181092459e+03 2.104172317588645e+03
2.300000000001110e-07 2.029413500000960e+02  2.840335214728771e+03 1.130760661256487e+04 1.162069426183745e+04 -5.126687487469829e+02    2.021108932542449e+03 2.077069868069724e+03
2.320000000001130e-07 2.046713500000980e+02 -6.897188804440139e+03 6.727189149085445e+03 6.913453131293563e+03 -4.501496679608566e+02    1.998034330870091e+03 2.053356371444346e+03
2.340000000001150e-07 2.064013500001000e+02 -8.676851067485519e+03 1.344786377793150e+04 1.382021136679190e+04 -3.946786641469055e+02    1.977869963809066e+03 2.032633688685002e+03
2.360000000001170e-07 2.081313500001020e+02  6.139953024260886e+03 1.290719196933765e+04 1.326456931105553e+04 -3.454636664584492e+02    1.960265002654022e+03 2.014541277259320e+03
2.380000000001200e-07 2.098613500001030e+02  7.575980963114506e+03 1.347155662832351e+04 1.384456023035168e+04 -3.018003343788963e+02    1.944904252843930e+03 1.998755215425748e+03
2.400000000001220e-07 2.115913500001050e+02  8.097878281104213e+03 1.384143591812563e+04 1.422468082420042e+04 -2.630626766422094e+02    1.931506481992385e+03 1.984986483969973e+03
2.420000000001240e-07 2.133213500001070e+02  3.383073135913721e+03 9.398519140179606e+03 9.658747530241608e+03 -2.286945996701410e+02    1.919822254680776e+03 1.972978741047333e+03
2.440000000001260e-07 2.150513500001090e+02  1.302965870339473e+03 6.737075756088259e+03 6.923613480977022e+03 -1.982023084838000e+02    1.909631468336192e+03 1.962505789833543e+03
2.460000000001290e-07 2.167813500001110e+02  1.364157489545779e+03 8.437892106482759e+03 8.671522431179306e+03 -1.711474863467772e+02    1.900740747324289e+03 1.953368900464593e+03
2.480000000001310e-07 2.185113500001130e+02  2.560517720095350e+03 9.746504913143461e+03 1.001636841445142e+04 -1.471411832684572e+02    1.892980816534179e+03 1.945394110900842e+03
2.500000000001330e-07 2.202413500001150e+02  2.921468839525890e+03 9.101763329490015e+03 9.353775075450380e+03 -1.258383477295486e+02    1.886203943457740e+03 1.938429598182026e+03
2.520000000001360e-07 2.219713500001170e+02 -3.568482783319409e+03 6.693946835900649e+03 6.879290397187876e+03 -1.069329404170419e+02    1.880281510220638e+03 1.932343183232107e+03
2.540000000001380e-07 2.237013500001190e+02 -4.929531372096472e+03 1.330621991046395e+04 1.367464563088492e+04 -9.015357324100539e+01    1.875101754547765e+03 1.927020009276039e+03
2.560000000001400e-07 2.254313500001210e+02 -1.611144060681218e+02 8.016572973648866e+03 8.238537715927119e+03 -7.525962134893737e+01    1.870567701046274e+03 1.922360415843677e+03
2.580000000001420e-07 2.271613500001230e+02  3.617523818936775e+03 1.552379675813371e+04 1.595362326354015e+04 -6.203776017969183e+01    1.866595290951386e+03 1.918278016731557e+03
2.600000000001450e-07 2.288913500001250e+02  2.301313059576428e+03 1.515263521169779e+04 1.557218490963686e+04 -5.029888375236241e+01    1.863111708946505e+03 1.914697980495615e+03
2.620000000001470e-07 2.306213500001270e+02 -5.831611069342498e+03 5.616820210636723e+03 5.772340038694845e+03 -3.987536432859059e+01    1.860053899152080e+03 1.911555505350399e+03
2.640000000001490e-07 2.323513500001290e+02 -7.548366818605562e+02 8.283523271526981e+03 8.512879395916318e+03 -3.061861729533640e+01    1.857367258227488e+03 1.908794476085256e+03
2.660000000001510e-07 2.340813500001310e+02 -5.038650014275716e+03 1.558922542990627e+04 1.602086353963731e+04 -2.239693857565534e+01    1.855004491176629e+03 1.906366288189201e+03
2.680000000001540e-07 2.358113500001330e+02 -1.928677743532057e+03 1.114196650936181e+04 1.145046787682304e+04 -1.509358508200753e+01    1.852924614410663e+03 1.904228823310229e+03
2.700000000001560e-07 2.375413500001350e+02  6.941959655618493e+02 1.247937580817644e+04 1.282490767624033e+04 -8.605071682335966e+00    1.851092090512912e+03 1.902345560063380e+03
2.720000000001580e-07 2.392713500001370e+02 -2.736228915874513e+03 1.396858505506254e+04 1.435535049609707e+04 -2.839660858466300e+00    1.849476079667999e+03 1.900684804733274e+03
2.740000000001600e-07 2.410013500001390e+02 -7.301150288926667e+02 1.177750134883949e+04 1.210359955316820e+04  2.283976290188633e+00    1.848049793628848e+03 1.899219027353605e+03
2.760000000001630e-07 2.427313500001410e+02  1.231392825885176e+03 1.457547973782416e+04 1.497904902038700e+04  6.837946795587698e+00    1.846789939231869e+03 1.897924289814234e+03
2.780000000001650e-07 2.444613500001430e+02 -1.902351170178545e+03 1.644555363585943e+04 1.690090196068672e+04  1.088618738294770e+01    1.845676239708447e+03 1.896779753918648e+03
2.800000000001670e-07 2.461913500001450e+02 -3.246669542567915e+03 1.369963698473702e+04 1.407895572887098e+04  1.448539606461893e+01    1.844691023297355e+03 1.895767258605774e+03
2.820000000001700e-07 2.479213500001470e+02 -3.369442526246350e+03 1.087382508856195e+04 1.117490209382282e+04  1.768585732622871e+01    1.843818869879845e+03 1.894870956801019e+03
2.840000000001720e-07 2.496513500001490e+02 -5.748135458850980e+03 1.027315848603974e+04 1.055760409431062e+04  2.053217297449610e+01    1.843046307503441e+03 1.894077003537345e+03
2.860000000001740e-07 2.513813500001510e+02  3.753814411671452e+03 1.362947088981005e+04 1.400684685874215e+04  2.306390937864263e+01    1.842361551711495e+03 1.893373288067320e+03
2.880000000001760e-07 2.531113500001530e+02 -8.860092269543314e+02 1.348355040920428e+04 1.385688609783491e+04  2.531617064032218e+01    1.841754281544399e+03 1.892749203662197e+03
2.900000000001790e-07 2.548413500001540e+02  9.368034902399662e+03 1.147455918332070e+04 1.179226945431235e+04  2.732010615712037e+01    1.841215446924343e+03 1.892195449663504e+03
2.920000000001810e-07 2.565713500001560e+02  4.667622275617487e+02 1.713467618683705e+04 1.760910509758662e+04  2.910336008958678e+01    1.840737102880875e+03 1.891703861118592e+03
2.940000000001830e-07 2.583013500001580e+02 -1.416933687170730e+03 1.084030552175626e+04 1.114045442943332e+04  3.069046939161682e+01    1.840312266726344e+03 1.891267262001524e+03
2.960000000001850e-07 2.600313500001600e+02 -2.543929283200975e+03 7.977492280550652e+03 8.198374947483229e+03  3.210321630580977e+01    1.839934794855928e+03 1.890879338601919e+03
2.980000000001880e-07 2.617613500001620e+02 -5.369036125712109e+03 1.291497879112147e+04 1.327257173617709e+04  3.336094055286176e+01    1.839599276335302e+03 1.890534530166238e+03
3.000000000001900e-07 2.634913500001640e+02  9.302704675805993e+02 1.005660036427189e+04 1.033504986075729e+04  3.448081584532110e+01    1.839300940858376e+03 1.890227934307043e+03
3.020000000001920e-07 2.652213500001660e+02 -1.531908655358705e+03 9.646742029569257e+03 9.913843272888136e+03  3.547809482520115e+01    1.839035579016617e+03 1.889955225064717e+03
3.040000000001940e-07 2.669513500001680e+02 -2.315531585669962e+03 8.992676731339707e+03 9.241668062127148e+03  3.636632605425607e+01    1.838799473127722e+03 1.889712581820900e+03
3.060000000001970e-07 2.686813500001700e+02 -6.700398782161901e+03 1.086409785779821e+04 1.116490553322492e+04  3.715754626768571e+01    1.838589337132249e+03 1.889496627530973e+03
3.080000000001990e-07 2.704113500001720e+02 -5.737856023364239e+03 1.317520435303037e+04 1.354000248413909e+04  3.786245073279248e+01    1.838402264288213e+03 1.889304374970398e+03
3.100000000002010e-07 2.721413500001740e+02 -3.499427815535603e+03 1.232509048099568e+04 1.266635046093511e+04  3.849054422615778e+01    1.838235681581795e+03 1.889133179883151e+03
3.120000000002040e-07 2.738713500001760e+02 -3.357939303599485e+03 1.297737153182881e+04 1.333669202164160e+04  3.905027485313663e+01    1.838087309931529e+03 1.888980700084027e+03
3.140000000002060e-07 2.756013500001780e+02  3.536905806282584e+03 1.291594338610021e+04 1.327356303908659e+04  3.954915267675890e+01    1.837955129398580e+03 1.888844859705652e+03
3.160000000002080e-07 2.773313500001800e+02 -2.566701961539518e+03 9.284183015660685e+03 9.541245640439272e+03  3.999385489644173e+01    1.837837348729848e+03 1.888723817898293e+03
3.180000000002100e-07 2.790613500001820e+02  1.990832680308463e+03 1.657670445255602e+04 1.703568411178560e+04  4.039031911572694e+01    1.837732378657841e+03 1.888615941390449e+03
3.200000000002130e-07 2.807913500001840e+02 -4.395066916837859e+03 1.110587671976748e+04 1.141337882471684e+04  4.074382606107637e+01    1.837638808463458e+03 1.888519780402699e+03
3.220000000002150e-07 2.825213500001860e+02  2.500409045203077e+03 1.171681511671954e+04 1.204123302649886e+04  4.105907295652479e+01    1.837555385377308e+03 1.888434047478682e+03
3.240000000002170e-07 2.842513500001880e+02  2.385350772785529e+03 1.088683561993655e+04 1.118827286382470e+04  4.134023862021741e+01    1.837480996454866e+03 1.888357598858405e+03
3.260000000002190e-07 2.859813500001900e+02  2.714439243593045e+03 1.156030675726841e+04 1.188039122708728e+04  4.159104122635271e+01    1.837414652610835e+03 1.888289418070547e+03
3.280000000002220e-07 2.877113500001920e+02 -4.709802675911074e+03 1.014066101921563e+04 1.042143800672140e+04  4.181478956708061e+01    1.837355474541116e+03 1.888228601464631e+03
3.300000000002240e-07 2.894413500001940e+02 -1.151230131828483e+04 1.012128748247618e+04 1.040152805097804e+04  4.201442855334587e+01    1.837302680297566e+03 1.888174345441751e+03
3.320000000002260e-07 2.911713500001960e+02 -5.406263460730162e+03 1.433607611258503e+04 1.473301673173378e+04  4.219257960889054e+01    1.837255574311735e+03 1.888125935174397e+03
3.340000000002280e-07 2.929013500001980e+02 -1.218457202915421e+03 8.733674599412381e+03 8.975494618761413e+03  4.235157653619429e+01    1.837213537690807e+03 1.888082734633706e+03
3.360000000002310e-07 2.946313500002000e+02 -5.116183779614213e+03 1.522728116829752e+04 1.564889768089333e+04  4.249349736723700e+01    1.837176019631934e+03 1.888044177766068e+03
3.380000000002330e-07 2.963613500002020e+02 -8.198291182846835e+03 1.284914248285205e+04 1.320491253684866e+04  4.262019265317359e+01    1.837142529820794e+03 1.888009760681226e+03
3.400000000002350e-07 2.980913500002040e+02 -8.573261657224397e+03 1.755358860790770e+04 1.803961646347892e+04  4.273331059491768e+01    1.837112631697430e+03 1.887979034731649e+03
3.420000000002380e-07 2.998213500002050e+02 -1.252319194791958e+03 1.556314906148927e+04 1.599406516264953e+04  4.283431937122383e+01    1.837085936486839e+03 1.887951600377839e+03
3.440000000002400e-07 3.015513500002070e+02 -1.750607910328046e+03 8.342303493443411e+03 8.573287138327056e+03  4.292452697958969e+01    1.837062097904919e+03 1.887927101747704e+03
3.460000000002420e-07 3.032813500002090e+02 -2.150844708259356e+03 1.442490492184202e+04 1.482430505377990e+04  4.300509887008999e+01    1.837040807461000e+03 1.887905221809008e+03
3.480000000002440e-07 3.050113500002110e+02 -1.591371181249995e+03 1.589386383338653e+04 1.633393684228693e+04  4.307707361985330e+01    1.837021790287870e+03 1.887885678083953e+03
3.500000000002470e-07 3.067413500002130e+02 -5.156322515116326e+03 1.110249992402744e+04 1.140990853146875e+04  4.314137686803807e+01    1.837004801438761e+03 1.887868218843626e+03
3.520000000002490e-07 3.084713500002150e+02  2.572741738961577e+03 9.306171471521899e+03 9.563842917794955e+03  4.319883370637247e+01    1.836989622597806e+03 1.887852619727383e+03
3.540000000002510e-07 3.102013500002170e+02  1.751298248028918e+03 7.284248613930778e+03 7.485936588529972e+03  4.325017969783816e+01    1.836976059156606e+03 1.887838680738460e+03
3.560000000002530e-07 3.119313500002190e+02 -1.264523404741011e+03 8.928523859794788e+03 9.175738910911890e+03  4.329607067705029e+01    1.836963937615749e+03 1.887826223573552e+03
3.580000000002560e-07 3.136613500002210e+02 -9.737548946007316e+02 1.432691067106661e+04 1.472359751533286e+04  4.333709146813221e+01    1.836953103274244e+03 1.887815089248273e+03
3.600000000002580e-07 3.153913500002230e+02  6.990487855239119e+02 9.194559913135081e+03 9.449141032547264e+03  4.337376364085070e+01    1.836943418174626e+03 1.887805135985357e+03
3.620000000002600e-07 3.171213500002250e+02  3.211280283599848e+03 1.606359644337089e+04 1.650836904836494e+04  4.340655241213412e+01    1.836934759274930e+03 1.887796237336026e+03
3.640000000002630e-07 3.188513500002270e+02  1.622207782016235e+03 1.248012032791485e+04 1.282567281041491e+04  4.343587278785889e+01    1.836927016822179e+03 1.887788280508439e+03
3.660000000002650e-07 3.205813500002290e+02 -3.611343583265131e+03 1.392286100352100e+04 1.430836042635178e+04  4.346209502944436e+01    1.836920092904943e+03 1.887781164880167e+03
3.680000000002670e-07 3.223113500002310e+02 -2.633877258552409e+02 1.444695221428177e+04 1.484696279679502e+04  4.348554952009508e+01    1.836913900164867e+03 1.887774800674059e+03
3.700000000002690e-07 3.240413500002330e+02  1.196342631961272e+03 1.510955853711818e+04 1.552791551804430e+04  4.350653109714494e+01    1.836908360649752e+03 1.887769107779558e+03
3.720000000002720e-07 3.257713500002350e+02 -9.076293804430113e+02 1.663158954447244e+04 1.709208887492838e+04  4.352530290976389e+01    1.836903404792203e+03 1.887764014703070e+03
3.740000000002740e-07 3.275013500002370e+02  5.956968521180561e+02 7.862088392802466e+03 8.079775729974293e+03  4.354209985424750e+01    1.836898970500239e+03 1.887759457633395e+03
3.760000000002760e-07 3.292313500002390e+02 -6.706879746513607e+03 7.347549004876711e+03 7.550989655464586e+03  4.355713163383663e+01    1.836895002347221e+03 1.887755379609231e+03
3.780000000002780e-07 3.309613500002410e+02 -4.596809986076640e+03 1.224350857577294e+04 1.258250969689241e+04  4.357058548419411e+01    1.836891450850362e+03 1.887751729777698e+03
3.800000000002810e-07 3.326913500002430e+02 -1.970759512939011e+03 1.692019733863077e+04 1.738868770900620e+04  4.358262860155548e+01    1.836888271827901e+03 1.887748462733722e+03
3.820000000002830e-07 3.344213500002450e+02 -1.689130907572189e+03 1.543806286616013e+04 1.586551555156904e+04  4.359341030617919e+01    1.836885425826402e+03 1.887745537931469e+03
3.840000000002850e-07 3.361513500002470e+02 -7.093276197350861e-01 1.449569266181091e+04 1.489705278120357e+04  4.360306397033317e+01    1.836882877610395e+03 1.887742919159864e+03
3.860000000002870e-07 3.378813500002490e+02  1.421183359724879e+03 1.010048553513945e+04 1.038015013447160e+04  4.361170873638495e+01    1.836880595707509e+03 1.887740574075118e+03
3.880000000002900e-07 3.396113500002510e+02  2.350363016456623e+03 7.185793092390029e+03 7.384755007545057e+03  4.361945104845627e+01    1.836878552003127e+03 1.887738473784172e+03
3.900000000002920e-07 3.413413500002530e+02  2.307557084190942e+02 1.279716560258226e+04 1.315149650859488e+04  4.362638601758098e+01    1.836876721378989e+03 1.887736592473287e+03
3.920000000002940e-07 3.430713500002550e+02 -2.378907312574949e+03 1.328724619397265e+04 1.365514656570598e+04  4.363259863901862e+01    1.836875081391037e+03 1.887734907076966e+03
3.940000000002970e-07 3.448013500002560e+02 -8.146717251845399e+02 1.049037990476874e+04 1.078083999034607e+04  4.363816487758794e+01    1.836873611982136e+03 1.887733396982728e+03
3.960000000002990e-07 3.465313500002580e+02  1.819379919328536e+03 1.521370276232629e+04 1.563494331285054e+04  4.364315263563189e+01    1.836872295225990e+03 1.887732043767931e+03
3.980000000003010e-07 3.482613500002600e+02  1.145126096267621e+04 1.643454752370979e+04 1.688959110873681e+04  4.364762261629173e+01    1.836871115098670e+03 1.887730830964970e+03
4.000000000003030e-07 3.499913500002620e+02 -2.330110405477981e+03 1.231884243799169e+04 1.265992942065913e+04  4.365162909357097e+01    1.836870057274907e+03 1.887729743851936e+03
