#               t [s]                 T [K]        ρTB-Mean [A/mK]   ρTB-Std.Dev. [A/mK]      ρTB-Error [A/mK] ρTB_fitted-Mean [A/mK] ρTB_fitted-Std.Dev. [A/mK] ρTB_fitted-Error [A/mK]
2.000000000000000e-09 5.721350000000000e+00  4.759352051351956e+01 9.177529755105531e+02 9.431639339530085e+02  0.000000000000000e+00      0.000000000000000e+00   0.000000000000000e+00
4.000000000000020e-09 7.451350000000020e+00  1.929644936793848e+02 6.013520770870285e+02 6.180024536566515e+02  7.275957614183426e-13      4.130169779801121e-12   4.244526883984222e-12
5.999999999999970e-09 9.181349999999981e+00  2.134822273772581e+02 4.363775648405913e+02 4.484600886365129e+02  1.455191522836685e-12      3.067813095955236e-12   3.152755420492153e-12
7.999999999999919e-09 1.091134999999990e+01  6.668296748447683e+01 4.943545096130495e+02 5.080423125783619e+02  3.637978807091713e-12      3.834766369944045e-12   3.940944275615191e-12
9.999999999999879e-09 1.264134999999990e+01  9.024675192117357e+01 4.794502671148264e+02 4.927253979375855e+02  0.000000000000000e+00      0.000000000000000e+00   0.000000000000000e+00
1.199999999999980e-08 1.437134999999990e+01  7.246805491443156e+01 4.713698502916059e+02 4.844212486486887e+02  2.182787284255027e-11      4.627214130678454e-11   4.755333514779171e-11
1.399999999999980e-08 1.610134999999980e+01 -1.142548061924754e+01 5.545623070797010e+02 5.699171575841245e+02  3.477907739579677e-10      1.079372228979898e-09   1.109258139008455e-09
1.599999999999990e-08 1.783134999999990e+01  2.096729613348122e+02 6.985602194188829e+02 7.179021177061977e+02  5.010224413126708e-09      1.577996369374091e-08   1.621688300900876e-08
1.800000000000020e-08 1.956135000000020e+01  2.071605937616746e+02 9.036302914486546e+02 9.286502177208321e+02  5.209949449636042e-08      1.633460289049937e-07   1.678687918521100e-07
2.000000000000050e-08 2.129135000000040e+01  2.774476996685677e+02 6.878641369904602e+02 7.069098796527447e+02  4.087647539563477e-07      1.275054896301117e-06   1.310358913663449e-06
2.200000000000080e-08 2.302135000000070e+01  3.953814719020450e+01 1.049783128821652e+03 1.078849768943671e+03  2.541359572205692e-06      7.867475252914027e-06   8.085311742725052e-06
2.400000000000100e-08 2.475135000000090e+01 -2.666231746867634e+02 4.363891872296833e+02 4.484720328290248e+02  1.299158830079251e-05      3.980616860023335e-05   4.090833108081936e-05
2.600000000000130e-08 2.648135000000110e+01  4.645841668951936e+02 9.461927402498111e+02 9.723911455316520e+02  5.625867634080350e-05      1.700277670902509e-04   1.747355355626879e-04
2.800000000000160e-08 2.821135000000140e+01  6.800204987791127e+02 1.024882107550207e+03 1.053259282387353e+03  2.114081813488156e-04      6.276958778792684e-04   6.450756677496496e-04
3.000000000000180e-08 2.994135000000160e+01  3.644486075044435e+02 8.529581021776199e+02 8.765750050544898e+02  7.031987370282877e-04      2.041688249337886e-03   2.098218989788509e-03
3.200000000000140e-08 3.167135000000130e+01 -1.695948039865614e+01 7.846358661431324e+02 8.063610470132147e+02  2.104868154856377e-03      5.945057890444061e-03   6.109666039938780e-03
3.400000000000110e-08 3.340135000000090e+01 -4.464463903056057e+02 9.528228863587211e+02 9.792048686724394e+02  5.748635191412176e-03      1.570497458481450e-02   1.613981758414395e-02
3.600000000000070e-08 3.513135000000060e+01  5.951045377946764e+02 7.161323473650634e+02 7.359607868294717e+02  1.449261966772610e-02      3.806472232208632e-02   3.911866723194841e-02
3.800000000000030e-08 3.686135000000030e+01  4.246843177193709e+02 1.244234834944285e+03 1.278685499259305e+03  3.405843023647322e-02      8.546313209683951e-02   8.782945523174050e-02
3.999999999999990e-08 3.859134999999990e+01 -4.153880593459158e+02 1.218812708345308e+03 1.252559478889603e+03  7.522759789644624e-02      1.792189915756816e-01   1.841812488154305e-01
4.199999999999950e-08 4.032134999999960e+01  2.924772984534909e+02 5.164931022642741e+02 5.307938837465144e+02  1.572565897913592e-01      3.535368783367214e-01   3.633256898829788e-01
4.399999999999920e-08 4.205134999999930e+01  5.555453726312495e+02 1.034942325755527e+03 1.063598050260786e+03  3.129201416166325e-01      6.601296005121454e-01   6.784074228596207e-01
4.599999999999880e-08 4.378134999999900e+01  2.842660737204635e+02 1.277322141696593e+03 1.312688935078248e+03  5.955936573343932e-01      1.173098393884005e+00   1.205579415827098e+00
4.799999999999840e-08 4.551134999999860e+01  1.750808990475233e+02 1.212626254852309e+03 1.246201733429363e+03  1.088706219316373e+00      1.993604131138996e+00   2.048803507309799e+00
4.999999999999800e-08 4.724134999999830e+01 -1.849722502358280e+02 1.069716440254457e+03 1.099334998552669e+03  1.917710390258434e+00      3.253825558944563e+00   3.343918239942238e+00
5.199999999999770e-08 4.897134999999800e+01  2.654564558313767e+02 1.067523406502989e+03 1.097081243571188e+03  3.264414391793252e+00      5.119731189095291e+00   5.261487500384033e+00
5.399999999999730e-08 5.070134999999760e+01  6.234186001833325e+02 1.434867814408700e+03 1.474596769122327e+03  5.383124099634733e+00      7.792255689340537e+00   8.008009482331143e+00
5.599999999999690e-08 5.243134999999730e+01 -2.220467962485348e+01 8.730921078144412e+02 8.972664857354348e+02  8.617594480186382e+00      1.150651209529869e+01   1.182510708596988e+01
5.799999999999650e-08 5.416134999999700e+01  2.157828104550790e+01 1.769433297332279e+03 1.818425779171081e+03  1.341736435777129e+01      1.652862849509973e+01   1.698627701600604e+01
5.999999999999610e-08 5.589134999999670e+01  3.119957580241352e+02 8.148310536659983e+02 8.373922859309332e+02  2.035172443070332e+01      2.314964067342662e+01   2.379061332380998e+01
6.199999999999580e-08 5.762134999999630e+01  5.955545746525677e+02 1.092964478761257e+03 1.123226734172014e+03  3.011941261735774e+01      3.167562823142626e+01   3.255267041391513e+01
6.399999999999540e-08 5.935134999999600e+01  2.233238199747473e+02 1.210785910127154e+03 1.244310432810216e+03  4.355217702201262e+01      4.241305690217823e+01   4.358739951409859e+01
6.599999999999501e-08 6.108134999999570e+01  2.862572871490164e+02 1.698067046187936e+03 1.745083522619603e+03  6.161058724208633e+01      5.564826103024799e+01   5.718906306104269e+01
6.799999999999460e-08 6.281134999999540e+01  4.225562692015250e+02 1.068459262287927e+03 1.098043011549378e+03  8.537086501975136e+01      7.162037036682747e+01   7.360341188626495e+01
6.999999999999419e-08 6.454134999999501e+01  5.836084363063346e+02 1.249974524876346e+03 1.284584111064929e+03  1.160019829293633e+02      9.048790414681211e+01   9.299335434220957e+01
7.199999999999389e-08 6.627134999999470e+01  5.271985842341877e+02 1.967755048183482e+03 2.022238708916377e+03  1.547327890812390e+02      1.122907300773964e+02   1.153998620024466e+02
7.399999999999350e-08 6.800134999999440e+01 -9.529849099444255e+01 1.118181628893423e+03 1.149142102638682e+03  2.028094281293379e+02      1.369109223228060e+02   1.407017438731558e+02
7.599999999999310e-08 6.973134999999399e+01  5.114998269579038e+02 1.600732688044662e+03 1.645054148065813e+03  2.614438501074859e+02      1.640378647255350e+02   1.685797833842141e+02
7.799999999999270e-08 7.146134999999370e+01  8.209287006728518e+02 1.152225991431749e+03 1.184129093427469e+03  3.317547592938652e+02      1.931442434427863e+02   1.984920663041546e+02
7.999999999999240e-08 7.319134999999341e+01  1.839348109957864e+02 1.211788583672409e+03 1.245340868614456e+03  4.147029867936784e+02      2.234799045101742e+02   2.296676682306598e+02
8.199999999999200e-08 7.492134999999310e+01  6.314487068347734e+02 1.148130643794544e+03 1.179920352849687e+03  5.110239768834326e+02      2.540896453291067e+02   2.611249386927967e+02
8.399999999999159e-08 7.665134999999270e+01  8.197784545232862e+02 1.261390821871328e+03 1.296316505153843e+03  6.211608139713120e+02      2.838588691593118e+02   2.917184197357803e+02
8.599999999999120e-08 7.838134999999239e+01  5.608796875387525e+02 9.580023882277357e+02 9.845277817972692e+02  7.452018865542217e+02      3.115879527146801e+02   3.202152726241555e+02
8.799999999999080e-08 8.011134999999210e+01  7.796656503015431e+02 2.618034651396002e+03 2.690523405453729e+03  8.828277503677833e+02      3.360926712128947e+02   3.453984834836242e+02
8.999999999999050e-08 8.184134999999171e+01  9.562018161660584e+02 1.912036987205745e+03 1.964977913270619e+03  1.033271870535766e+03      3.563246764755025e+02   3.661906772268520e+02
9.199999999999010e-08 8.357134999999140e+01  8.046388221493370e+02 1.069699066454808e+03 1.099317143703204e+03  1.195299576966231e+03      3.715032784909884e+02   3.817895479151967e+02
9.399999999998970e-08 8.530134999999110e+01  1.414620142368677e+03 2.868238517270089e+03 2.947654974323637e+03  1.367208706676611e+03      3.812476747403994e+02   3.918037492807424e+02
9.599999999998931e-08 8.703134999999079e+01  1.853724320877630e+03 1.648839213859494e+03 1.694492658587761e+03  1.546854062529018e+03      3.856965722989808e+02   3.963758289525857e+02
9.799999999998890e-08 8.876134999999040e+01  1.700470852916677e+03 2.515369721882627e+03 2.585015865426441e+03  1.731696105982493e+03      3.855979727387564e+02   3.962744993447405e+02
9.999999999998860e-08 9.049134999999011e+01  2.001272073259911e+03 2.700234900201784e+03 2.774999633920815e+03  1.918872405283986e+03      3.823428013667227e+02   3.929291980285225e+02
1.019999999999880e-07 9.222134999998980e+01  1.791707561521541e+03 1.769396379112899e+03 1.818387838751432e+03  2.105288499789744e+03      3.779004808344487e+02   3.883638774892249e+02
1.039999999999880e-07 9.395134999998940e+01  1.621873956564705e+03 2.063917816032388e+03 2.121064053910468e+03  2.287723234907148e+03      3.746005188092668e+02   3.849725453458072e+02
1.059999999999870e-07 9.568134999998910e+01  2.858212338852602e+03 1.453283949738206e+03 1.493522814702213e+03  2.462942453765715e+03      3.747221671885341e+02   3.850975619537729e+02
1.079999999999870e-07 9.741134999998880e+01  2.936035140433776e+03 1.884445633495526e+03 1.936622603723470e+03  2.627814322371437e+03      3.799475577279728e+02   3.904676343252367e+02
1.099999999999870e-07 9.914134999998851e+01  1.458199484329979e+03 2.641094237941560e+03 2.714221471209974e+03  2.779419560173547e+03      3.908823182906690e+02   4.017051590888142e+02
1.119999999999860e-07 1.008713499999880e+02  2.296627607659257e+03 2.300059702236728e+03 2.363744291737720e+03  2.915150417371099e+03      4.068979869449601e+02   4.181642733122966e+02
1.139999999999860e-07 1.026013499999880e+02  2.027592150551172e+03 1.716407912715191e+03 1.763932215337084e+03  3.032793289359538e+03      4.263755338542994e+02   4.381811190834009e+02
1.159999999999860e-07 1.043313499999870e+02  2.950655163255153e+03 1.840711299519673e+03 1.891677343307906e+03  3.130591248121797e+03      4.471790611761380e+02   4.595606593219370e+02
1.179999999999850e-07 1.060613499999870e+02  3.187375446625369e+03 1.468871986168257e+03 1.509542456320689e+03  3.207284339018187e+03      4.671171140555384e+02   4.800507616598097e+02
1.199999999999860e-07 1.077913499999880e+02  1.819143056186034e+03 2.470706371941119e+03 2.539115866234481e+03  3.262127078879651e+03      4.842591631862738e+02   4.976674438450850e+02
1.219999999999880e-07 1.095213499999900e+02  2.585368157616255e+03 1.708214674652645e+03 1.755512120988074e+03  3.294884056404071e+03      4.970990788538179e+02   5.108628740924114e+02
1.239999999999900e-07 1.112513499999920e+02  3.294428217433659e+03 1.886953396831920e+03 1.939199802596033e+03  3.305805769556590e+03      5.046101016106655e+02   5.185818637992201e+02
1.259999999999930e-07 1.129813499999940e+02  3.262210666454700e+03 1.594523175445626e+03 1.638672705033629e+03  3.295587766642229e+03      5.062362064266308e+02   5.202529925846022e+02
1.279999999999950e-07 1.147113499999960e+02  2.383555366439799e+03 2.387335350508734e+03 2.453436448515236e+03  3.265316756942404e+03      5.018498471569571e+02   5.157451827763962e+02
1.299999999999970e-07 1.164413499999980e+02  3.480235866149639e+03 1.912879604870173e+03 1.965843861529472e+03  3.216407627538307e+03      4.916933114732815e+02   5.053074305638026e+02
1.319999999999990e-07 1.181713500000000e+02  2.716430812245424e+03 2.624640991968488e+03 2.697312663924848e+03  3.150535277547523e+03      4.763133398391404e+02   4.895016146878340e+02
1.340000000000020e-07 1.199013500000010e+02  2.627031451835554e+03 2.450588418984514e+03 2.518440882704106e+03  3.069564911218489e+03      4.564946956846504e+02   4.691342272914978e+02
1.360000000000040e-07 1.216313500000030e+02  3.960205239648272e+03 2.893672613255742e+03 2.973793295491185e+03  2.975483979400994e+03      4.331961966330950e+02   4.451906339640658e+02
1.380000000000060e-07 1.233613500000050e+02  1.941723263522480e+03 2.745044295042620e+03 2.821049721737338e+03  2.870338389683083e+03      4.074911737075436e+02   4.187738843683173e+02
1.400000000000090e-07 1.250913500000070e+02  2.916280225407179e+03 2.911774982709556e+03 2.992396887572628e+03  2.756174979970173e+03      3.805128024018662e+02   3.910485296254984e+02
1.420000000000110e-07 1.268213500000090e+02  5.392438140954256e+03 3.659012074040696e+03 3.760323653773974e+03  2.634991621233036e+03      3.534029659471032e+02   3.631880696958832e+02
1.440000000000130e-07 1.285513500000110e+02  4.393560618281589e+03 2.836640847821890e+03 2.915182421233922e+03  2.508695724407574e+03      3.272613111831151e+02   3.363225986975155e+02
1.460000000000150e-07 1.302813500000130e+02  1.912937269249053e+03 2.562726325757993e+03 2.633683689995353e+03  2.379071403968705e+03      3.030895832192236e+02   3.114815982919508e+02
1.480000000000180e-07 1.320113500000150e+02  8.400822322879927e+02 4.061958420018639e+03 4.174426872162479e+03  2.247755115004540e+03      2.817268704258209e+02   2.895273897240895e+02
1.500000000000200e-07 1.337413500000170e+02  1.609634140876097e+03 2.244776066804574e+03 2.306929950113376e+03  2.116219239955809e+03      2.637767132528423e+02   2.710802244126144e+02
1.520000000000220e-07 1.354713500000190e+02  2.114144243666204e+03 2.796398074241612e+03 2.873825396352537e+03  1.985762855439527e+03      2.495385023800851e+02   2.564477826362949e+02
1.540000000000240e-07 1.372013500000210e+02  4.067902111185409e+03 1.765090308051960e+03 1.813962540190610e+03  1.857508752349790e+03      2.389684297989212e+02   2.455850434201422e+02
1.560000000000270e-07 1.389313500000230e+02  2.203337358970167e+03 4.395035972518950e+03 4.516726753623359e+03  1.732405703049580e+03      2.316967503148979e+02   2.381120239785202e+02
1.580000000000290e-07 1.406613500000250e+02  8.016159439338362e+02 2.566130048727574e+03 2.637181656040399e+03  1.611234954851762e+03      2.271085434130609e+02   2.333967777338326e+02
1.600000000000310e-07 1.423913500000270e+02  2.419922551164259e+03 1.720966178082168e+03 1.768616691018712e+03  1.494619965194616e+03      2.244645090374093e+02   2.306795347176939e+02
1.620000000000330e-07 1.441213500000290e+02  3.008805157525194e+03 2.644666105711192e+03 2.717892237687513e+03  1.383038467296155e+03      2.230213550410778e+02   2.291964223369110e+02
1.640000000000360e-07 1.458513500000310e+02  1.016114588030156e+03 3.780917287003946e+03 3.885604206706897e+03  1.276836053142356e+03      2.221199139028103e+02   2.282700218861553e+02
1.660000000000380e-07 1.475813500000330e+02  1.067194107699498e+03 3.588981495316737e+03 3.688354052052387e+03  1.176240572611106e+03      2.212310150271823e+02   2.273565109711322e+02
1.680000000000400e-07 1.493113500000350e+02  1.369264174794191e+03 2.250439425958855e+03 2.312750117676842e+03  1.081376764476748e+03      2.199663775579178e+02   2.260568579246550e+02
1.700000000000430e-07 1.510413500000370e+02 -5.477617352643307e+02 2.916626839454544e+03 2.997383083658818e+03  9.922806500670674e+02      2.180678360525366e+02   2.241057491592574e+02
1.720000000000450e-07 1.527713500000390e+02  3.438214228836992e+02 2.975520365181972e+03 3.057907267062901e+03  9.089133284218727e+02      2.153865576150613e+02   2.213502308590244e+02
1.740000000000470e-07 1.545013500000410e+02  2.109333367221127e+03 2.543091969879547e+03 2.613505693491831e+03  8.311739095687092e+02      2.118598073182460e+02   2.177258310774124e+02
1.760000000000490e-07 1.562313500000430e+02  1.059702444350404e+03 2.745449294472891e+03 2.821465934886297e+03  7.589114080303153e+02      2.074892122609735e+02   2.132342219647974e+02
1.780000000000520e-07 1.579613500000450e+02 -3.502521863149838e+02 1.830276780330825e+03 1.880953910718012e+03  6.919354911100143e+02      2.023221391784300e+02   2.079240817575774e+02
1.800000000000540e-07 1.596913500000470e+02  9.395038758529239e+02 1.849963173667289e+03 1.901185385504826e+03  6.300260359231011e+02      1.964365393988103e+02   2.018755201185035e+02
1.820000000000560e-07 1.614213500000490e+02  8.960365043700598e+02 3.776645121001845e+03 3.881213751976092e+03  5.729414962492815e+02      1.899290333528521e+02   1.951878327273353e+02
1.840000000000580e-07 1.631513500000510e+02  1.738089689502741e+03 3.178793996338392e+03 3.266809185930281e+03  5.204261161800090e+02      1.829057924306448e+02   1.879701306723747e+02
1.860000000000610e-07 1.648813500000520e+02  7.378516531958478e+02 3.216279007222547e+03 3.305332090538792e+03  4.722160535669862e+02      1.754757376568948e+02   1.803343508090645e+02
1.880000000000630e-07 1.666113500000540e+02  5.469566789607157e+02 4.293020787915589e+03 4.411886948794699e+03  4.280444938929929e+02      1.677456103916262e+02   1.723901899771019e+02
1.900000000000650e-07 1.683413500000560e+02  1.050701528536361e+03 2.187382732290357e+03 2.247947495566721e+03  3.876458458265524e+02      1.598165305999153e+02   1.642415679747411e+02
1.920000000000670e-07 1.700713500000580e+02 -5.776501148593270e+02 3.238380741814667e+03 3.328045783113304e+03  3.507591147531544e+02      1.517817213435983e+02   1.559842890456980e+02
1.940000000000700e-07 1.718013500000600e+02 -3.436345379790774e+01 2.916621910585884e+03 2.997378018318492e+03  3.171305512464326e+02      1.437251355959283e+02   1.477046306727300e+02
1.960000000000720e-07 1.735313500000620e+02  3.813819436492025e+02 2.695991146195686e+03 2.770638377863983e+03  2.865156688464258e+02      1.357207708585386e+02   1.394786392175550e+02
1.980000000000740e-07 1.752613500000640e+02 -7.186771319256709e+02 3.301129477047042e+03 3.392531919962294e+03  2.586807205883237e+02      1.278324984290811e+02   1.313719544612116e+02
2.000000000000770e-07 1.769913500000660e+02  1.658974944070899e+02 3.080732086880703e+03 3.166032115451587e+03  2.334037172510198e+02      1.201142684401386e+02   1.234400203201370e+02
2.020000000000790e-07 1.787213500000680e+02  1.667686242812311e+02 3.519763923582077e+03 3.617219968047246e+03  2.104750629020350e+02      1.126105800514922e+02   1.157285680572269e+02
2.040000000000810e-07 1.804513500000700e+02 -1.805804825505918e+02 3.293132478747404e+03 3.384313498908518e+03  1.896978754972745e+02      1.053571294322699e+02   1.082742822054662e+02
2.060000000000830e-07 1.821813500000720e+02  8.177387236357229e+02 3.524736451663316e+03 3.622330176645789e+03  1.708880524273828e+02      9.838156727061046e+01   1.011055790516960e+02
2.080000000000860e-07 1.839113500000740e+02 -1.236034691035832e+01 3.495392460703411e+03 3.592173702420000e+03  1.538741332625099e+02      9.170431319878588e+01   9.424344361172940e+01
2.100000000000880e-07 1.856413500000760e+02  5.230000313004955e+02 3.567302834638831e+03 3.666075147561305e+03  1.384970047244967e+02      8.533938729516613e+01   8.770228415513620e+01
2.120000000000900e-07 1.873713500000780e+02  1.934250475183415e+03 3.689043247882800e+03 3.791186337761883e+03  1.246094862335369e+02      7.929522919395023e+01   8.149077399467561e+01
2.140000000000920e-07 1.891013500000800e+02 -8.410496582693229e+02 3.776030560791105e+03 3.880582175678896e+03  1.120758283047332e+02      7.357548369124456e+01   7.561265884441872e+01
2.160000000000950e-07 1.908313500000820e+02 -7.323956128164799e+02 3.730003509687864e+03 3.833280716849368e+03  1.007711506375952e+02      6.817973841093922e+01   7.006751491028976e+01
2.180000000000970e-07 1.925613500000840e+02  6.962951995206058e+01 4.318739649676286e+03 4.438317920398488e+03  9.058084194649658e+01      6.310420436500238e+01   6.485144829387248e+01
2.200000000000990e-07 1.942913500000860e+02 -1.375134963869140e+02 2.836425121092429e+03 2.914960721412460e+03  8.139993939942570e+01      5.834233434716320e+01   5.995773050832177e+01
2.220000000001010e-07 1.960213500000880e+02 -9.803319199938676e+02 4.659355465267016e+03 4.788364786136460e+03  7.313250192836369e+01      5.388537723951112e+01   5.537736813273323e+01
2.240000000001040e-07 1.977513500000900e+02 -1.108317522826145e+03 3.521453609484319e+03 3.618956438366851e+03  6.569098860099305e+01      4.972286866148021e+01   5.109960704633114e+01
2.260000000001060e-07 1.994813500000920e+02 -5.864696138138962e+02 4.155254331087180e+03 4.270305982177004e+03  5.899565064881879e+01      4.584306009726276e+01   4.711237343766187e+01
2.280000000001080e-07 2.012113500000940e+02 -5.622995648385736e+01 4.828794621526688e+03 4.962495413274604e+03  5.297394357898992e+01      4.223328982678737e+01   4.340265500599547e+01
2.300000000001110e-07 2.029413500000960e+02 -2.182152704387619e+02 5.282905826751070e+03 5.429180155466044e+03  4.755996400449705e+01      3.888029976229250e+01   3.995682657054414e+01
2.320000000001130e-07 2.046713500000980e+02 -1.510624962726530e+03 4.503195420714476e+03 4.627880945847612e+03  4.269391436106289e+01      3.577050274644826e+01   3.676092476959677e+01
2.340000000001150e-07 2.064013500001000e+02 -1.188470150300995e+02 4.347673127639621e+03 4.468052515248111e+03  3.832159749313244e+01      3.289020507269859e+01   3.380087674205627e+01
2.360000000001170e-07 2.081313500001020e+02  1.937633843194481e+03 3.105665470274732e+03 3.191655860180487e+03  3.439394214451853e+01      3.022578900494847e+01   3.106268770077441e+01
2.380000000001200e-07 2.098613500001030e+02 -2.008849369968425e+02 3.076025456003609e+03 3.161195166280995e+03  3.086655964433201e+01      2.776385995207473e+01   2.853259218206487e+01
2.400000000001220e-07 2.115913500001050e+02 -1.893212678762497e+03 3.862623254623639e+03 3.969572468215127e+03  2.769933150235061e+01      2.549136273321022e+01   2.619717353016765e+01
2.420000000001240e-07 2.133213500001070e+02  3.295564576099074e+02 3.216358457406806e+03 3.305413740558284e+03  2.485602719199074e+01      2.339567108468223e+01   2.404345588247652e+01
2.440000000001260e-07 2.150513500001090e+02  1.619390889967247e+03 3.424056180097401e+03 3.518862246238111e+03  2.230395107757797e+01      2.146465423414160e+01   2.205897258698814e+01
2.460000000001290e-07 2.167813500001110e+02  1.055540748917257e+03 3.527367692404649e+03 3.625034271794478e+03  2.001361721513877e+01      1.968672402211389e+01   2.023181462856573e+01
2.480000000001310e-07 2.185113500001130e+02 -3.567812375825125e+02 1.890917957917895e+03 1.943274135374049e+03  1.795845060387190e+01      1.805086570013492e+01   1.855066227982054e+01
2.500000000001330e-07 2.202413500001150e+02  2.158085146905275e+03 3.087086211143498e+03 3.172562174189005e+03  1.611451337354415e+01      1.654665518966923e+01   1.700480283789932e+01
2.520000000001360e-07 2.219713500001170e+02  9.983297455273017e+02 4.835398566519597e+03 4.969282209836779e+03  1.446025434858957e+01      1.516426525483642e+01   1.558413696812250e+01
2.540000000001380e-07 2.237013500001190e+02 -1.705704852308134e+03 2.752717941550609e+03 2.828935837959640e+03  1.297628042201203e+01      1.389446272999738e+01   1.427917585480724e+01
2.560000000001400e-07 2.254313500001210e+02  3.563263412672640e+02 3.779978661805004e+03 3.884639592634523e+03  1.164514819252742e+01      1.272859865407522e+01   1.308103106242504e+01
2.580000000001420e-07 2.271613500001230e+02  2.352904420265353e+02 4.254131258607874e+03 4.371920637128926e+03  1.045117435968401e+01      1.165859289915080e+01   1.198139873859034e+01
2.600000000001450e-07 2.288913500001250e+02 -4.932831524966750e+02 3.244338572981660e+03 3.334168576099250e+03  9.380263428029329e+00      1.067691464178555e+01   1.097253954466873e+01
2.620000000001470e-07 2.306213500001270e+02  6.723336066196028e+02 3.914027713064248e+03 4.022400225290607e+03  8.419751338335802e+00      9.776559811761699e+00   1.004725548011260e+01
2.640000000001490e-07 2.323513500001290e+02 -1.733612983360689e+03 4.204468769723228e+03 4.320883081668772e+03  7.558263717458743e+00      8.951026463624331e+00   9.198864572084769e+00
2.660000000001510e-07 2.340813500001310e+02 -2.269585927712247e+03 4.500915406352920e+03 4.625537801916623e+03  6.785587515883378e+00      8.194288850196630e+00   8.421174231115154e+00
2.680000000001540e-07 2.358113500001330e+02 -6.380974363548698e+02 6.379292229351408e+03 6.555923560502524e+03  6.092554881222036e+00      7.500770832729662e+00   7.708453925024558e+00
2.700000000001560e-07 2.375413500001350e+02 -8.756627304515912e+02 6.588150051761632e+03 6.770564287013599e+03  5.470938194702047e+00      6.865319137518980e+00   7.055407695064257e+00
2.720000000001580e-07 2.392713500001370e+02  1.769763389623072e+03 5.511867007991461e+03 5.664480867295479e+03  4.913355275313195e+00      6.283176862129715e+00   6.457146928575268e+00
2.740000000001600e-07 2.410013500001390e+02  2.523829723213943e+03 5.822217268929407e+03 5.983424178644307e+03  4.413183831354337e+00      5.749957543807579e+00   5.909163709399462e+00
2.760000000001630e-07 2.427313500001410e+02 -1.199054238924731e+03 2.428106393518714e+03 2.495336369673507e+03  3.964484311096392e+00      5.261620026495287e+00   5.407304989008083e+00
2.780000000001650e-07 2.444613500001430e+02 -1.233692545056106e+03 3.781140081010192e+03 3.885833169485552e+03  3.561930372823537e+00      4.814444299349671e+00   4.947747756030083e+00
2.800000000001670e-07 2.461913500001450e+02  2.218302347678587e+03 3.358680280869130e+03 3.451676203863746e+03  3.200746259145193e+00      4.405008427248041e+00   4.526975328004963e+00
2.820000000001700e-07 2.479213500001470e+02  1.126833561981876e+03 3.218655291923972e+03 3.307774170365275e+03  2.876650421185585e+00      4.030166650908081e+00   4.141754845133682e+00
2.840000000001720e-07 2.496513500001490e+02 -2.329620176729552e+03 3.660903496751109e+03 3.762267446637547e+03  2.585804794967044e+00      3.687028699703502e+00   3.789116010302724e+00
2.860000000001740e-07 2.513813500001510e+02 -1.636152556367636e+03 3.189779922590591e+03 3.278099293070905e+03  2.324769184984610e+00      3.372940332651697e+00   3.466331091286081e+00
2.880000000001760e-07 2.531113500001530e+02  3.220930786269756e+02 3.600541550117627e+03 3.700234184346869e+03  2.090460258858547e+00      3.085465101371763e+00   3.170896178751802e+00
2.900000000001790e-07 2.548413500001540e+02 -3.805264228521430e+02 5.372761362689769e+03 5.521523632441701e+03  1.880114702079083e+00      2.822367312327581e+00   2.900513676759691e+00
2.920000000001810e-07 2.565713500001560e+02  1.624890902203402e+03 2.875203402654807e+03 2.954812705079375e+03  1.691256123286249e+00      2.581596153004845e+00   2.653075989420209e+00
2.940000000001830e-07 2.583013500001580e+02  1.972423250209311e+03 4.435420786822120e+03 4.558229752084302e+03  1.521665338831225e+00      2.361270937677340e+00   2.426650358142107e+00
2.960000000001850e-07 2.600313500001600e+02  2.900751101687855e+02 2.470057220788725e+03 2.538448741233572e+03  1.369353700211842e+00      2.159667422162634e+00   2.219464797467868e+00
2.980000000001880e-07 2.617613500001620e+02 -2.745465016127941e+03 2.409243739309627e+03 2.475951441895156e+03  1.232539159991379e+00      1.975205132829148e+00   2.029895073243368e+00
3.000000000001900e-07 2.634913500001640e+02 -3.870398491444668e+03 2.973562802861553e+03 3.055895503300373e+03  1.109624801017949e+00      1.806435652994004e+00   1.856452664686789e+00
3.020000000001920e-07 2.652213500001660e+02  2.667079004102116e+03 4.464513940146798e+03 4.588128443423914e+03  9.991795802652760e-01      1.652031808994026e+00   1.697773651041019e+00
3.040000000001940e-07 2.669513500001680e+02  1.211796026521459e+03 4.059774509829324e+03 4.172182493358467e+03  8.999210630122617e-01      1.510777698440849e+00   1.552608463728765e+00
3.060000000001970e-07 2.686813500001700e+02 -2.674150469198895e+02 5.137260755120035e+03 5.279502429121462e+03  8.106999448653174e-01      1.381559504416481e+00   1.419812446209425e+00
3.080000000001990e-07 2.704113500001720e+02  1.790930195016919e+03 3.916306093211424e+03 4.024741689758706e+03  7.304861791876514e-01      1.263357040955362e+00   1.298337165370475e+00
3.100000000002010e-07 2.721413500001740e+02  6.470619163121955e+02 5.734563792067044e+03 5.893343731870300e+03  6.583565456698834e-01      1.155235977409424e+00   1.187222420598943e+00
3.120000000002040e-07 2.738713500001760e+02  1.362066076702868e+03 3.426456882455590e+03 3.521329419803134e+03  5.934835120473257e-01      1.056340691798094e+00   1.085588899253290e+00
3.140000000002060e-07 2.756013500001780e+02 -4.564227937621397e+02 5.398154243648055e+03 5.547619597410590e+03  5.351252558393005e-01      9.658877057751946e-01   9.926314298561520e-01
3.160000000002080e-07 2.773313500001800e+02 -1.528485287031448e+03 3.581772575342443e+03 3.680945529820439e+03  4.826167264492907e-01      8.831596567414705e-01   9.076127873053087e-01
3.180000000002100e-07 2.790613500001820e+02 -1.501239458809136e+02 4.787767481038799e+03 4.920332303751724e+03  4.353616399874044e-01      8.074997653216461e-01   8.298580071649544e-01
3.200000000002130e-07 2.807913500001840e+02 -1.454935152517555e+03 4.341565976010479e+03 4.461776267380230e+03  3.928253101542487e-01      7.383067591384757e-01   7.587491688880215e-01
3.220000000002150e-07 2.825213500001860e+02  2.373206887866440e+02 4.658528831400547e+03 4.787515264238692e+03  3.545282283840360e-01      6.750302166430534e-01   6.937206107253781e-01
3.240000000002170e-07 2.842513500001880e+02  4.310838469395328e+01 3.115382493389797e+03 3.201641930497959e+03  3.200403152723949e-01      6.171662971783362e-01   6.342545415623527e-01
3.260000000002190e-07 2.859813500001900e+02 -2.075092191828837e+03 2.659372435658569e+03 2.733005759928574e+03  2.889757733709011e-01      5.642538260632902e-01   5.798770176057794e-01
3.280000000002220e-07 2.877113500001920e+02  7.569487009221075e+02 6.405144848603984e+03 6.582491993106824e+03  2.609884785989521e-01      5.158707057598562e-01   5.301542541825146e-01
3.300000000002240e-07 2.894413500001940e+02  1.543522968589205e+03 4.286290400965205e+03 4.404970209320639e+03  2.357678539952494e-01      4.716306264210139e-01   4.846892452083912e-01
3.320000000002260e-07 2.911713500001960e+02  2.147595764280938e+03 6.639437066958594e+03 6.823271349049507e+03  2.130351753635375e-01      4.311800512463367e-01   4.431186650735935e-01
3.340000000002280e-07 2.929013500001980e+02  2.054299895917269e+03 6.968502835021692e+03 7.161448366849969e+03  1.925402635946482e-01      3.941954538947901e-01   4.051100295642973e-01
3.360000000002310e-07 2.946313500002000e+02 -8.979600548942742e+02 4.693643111498359e+03 4.823601796713899e+03  1.740585231421126e-01      3.603807871642139e-01   3.703590944543588e-01
3.380000000002330e-07 2.963613500002020e+02 -2.307861774744386e+02 5.339644430032084e+03 5.487489750428403e+03  1.573882903750761e-01      3.294651637286519e-01   3.385874720263592e-01
3.400000000002350e-07 2.980913500002040e+02 -9.017007927995986e+02 4.005136827189890e+03 4.116031989818431e+03  1.423484592586091e-01      3.012007313311849e-01   3.095404474322807e-01
3.420000000002380e-07 2.998213500002050e+02 -4.682373756253624e+03 2.776999685425888e+03 2.853889900422807e+03  1.287763552680987e-01      2.753607261969793e-01   2.829849782090016e-01
3.440000000002400e-07 3.015513500002070e+02 -1.804862971661492e+03 5.039234869689465e+03 5.178762380111552e+03  1.165258314916932e-01      2.517376898790388e-01   2.587078617516577e-01
3.460000000002420e-07 3.032813500002090e+02  2.157255362715226e+03 3.700611488659534e+03 3.803074882687417e+03  1.054655635362884e-01      2.301418358841463e-01   2.365140567143420e-01
3.480000000002440e-07 3.050113500002110e+02  2.761510024359486e+03 7.763779444258483e+03 7.978744780333465e+03  9.547752237438634e-02      2.103995535390485e-01   2.162251454509872e-01
3.500000000002470e-07 3.067413500002130e+02 -1.138242464825741e+02 3.836765764835103e+03 3.942999030218331e+03  8.645560645514258e-02      1.923520377027209e-01   1.976779257867844e-01
3.520000000002490e-07 3.084713500002150e+02 -1.284591369018302e+03 5.611089410132613e+03 5.766450562449729e+03  7.830441633412222e-02      1.758540337340027e-01   1.807231212361891e-01
3.540000000002510e-07 3.102013500002170e+02  2.234149488635005e+03 4.756882946421204e+03 4.888592630936135e+03  7.093815684005486e-02      1.607726881333320e-01   1.652241998209571e-01
3.560000000002530e-07 3.119313500002190e+02  1.834164990859327e+03 4.961227997845832e+03 5.098595635806006e+03  6.427965338190066e-02      1.469864959879525e-01   1.510562923719676e-01
3.580000000002560e-07 3.136613500002210e+02 -8.860121125129405e+02 3.756899034689693e+03 3.860920931420555e+03  5.825947047975244e-02      1.343843371232518e-01   1.381052019932961e-01
3.600000000002580e-07 3.153913500002230e+02 -3.452368756845951e+03 5.330222820572967e+03 5.477807273249087e+03  5.281512172125809e-02      1.228645935601390e-01   1.262664970835451e-01
3.620000000002600e-07 3.171213500002250e+02  4.167297359474655e+01 5.213661701484114e+03 5.358018782708211e+03  4.789036158264694e-02      1.123343414188117e-01   1.154446808648549e-01
3.640000000002630e-07 3.188513500002270e+02  3.828033437663874e+03 4.840920808542576e+03 4.974957352984897e+03  4.343455054654795e-02      1.027086110650927e-01   1.055524310439987e-01
3.660000000002650e-07 3.205813500002290e+02  4.011550314205701e+02 5.965105858370444e+03 6.130269100677094e+03  3.940208582424054e-02      9.390970979090292e-02   9.650990373907523e-02
3.680000000002670e-07 3.223113500002310e+02 -1.029768980813788e+03 6.041977611947577e+03 6.209269297296823e+03  3.575189085574744e-02      8.586660174811972e-02   8.824409624483055e-02
3.700000000002690e-07 3.240413500002330e+02 -1.045024213062371e+03 4.475174098425744e+03 4.599083762651660e+03  3.244695738393330e-02      7.851434035188232e-02   8.068826372021415e-02
3.720000000002720e-07 3.257713500002350e+02 -4.131112167760547e+03 4.818518733050999e+03 4.951935003602053e+03  2.945393466224554e-02      7.179354874428859e-02   7.378138526703330e-02
3.740000000002740e-07 3.275013500002370e+02 -3.050009834235577e+03 3.271904828693767e+03 3.362498092729064e+03  2.674276086919578e-02      6.564994430177631e-02   6.746767527178368e-02
3.760000000002760e-07 3.292313500002390e+02  2.370212443599886e+03 2.031635938634462e+03 2.087888348361731e+03  2.428633230835920e-02      6.003390343491652e-02   6.169613615551803e-02
3.780000000002780e-07 3.309613500002410e+02  2.127218255354209e+03 5.283923226111319e+03 5.430225724817078e+03  2.206020649092801e-02      5.490006333273020e-02   5.642014909116654e-02
3.800000000002810e-07 3.326913500002430e+02  1.296171791791247e+03 3.957965307433757e+03 4.067554374021013e+03  2.004233556575041e-02      5.020695753910245e-02   5.159709948970578e-02
3.820000000002830e-07 3.344213500002450e+02  1.206815787055526e+03 5.493230384409382e+03 5.645328228532857e+03  1.821282693425626e-02      4.591668249354180e-02   4.718803430802075e-02
3.840000000002850e-07 3.361513500002470e+02  9.519071060713438e+02 4.501746554383242e+03 4.626391962967465e+03  1.655372826435806e-02      4.199459244118546e-02   4.315734851150729e-02
3.860000000002870e-07 3.378813500002490e+02 -2.795710674498996e+03 6.285609866637308e+03 6.459647298679140e+03  1.504883435634135e-02      3.840902029476699e-02   3.947249820720065e-02
3.880000000002900e-07 3.396113500002510e+02 -2.003565129290087e+03 4.540301473907683e+03 4.666014400096239e+03  1.368351358144415e-02      3.513102231497747e-02   3.610373825478713e-02
3.900000000002920e-07 3.413413500002530e+02  2.047193463399878e+03 6.519537087221023e+03 6.700051550707516e+03  1.244455191444673e-02      3.213414450132798e-02   3.302388218924213e-02
3.920000000002940e-07 3.430713500002550e+02  1.879954609318437e+02 4.873159448771481e+03 5.008088624203794e+03  1.132001274284318e-02      2.939420895665616e-02   3.020808267014742e-02
3.940000000002970e-07 3.448013500002560e+02 -7.260226987828695e+02 6.935309665791250e+03 7.127336137407907e+03  1.029911078802521e-02      2.688911847825732e-02   2.763363066229589e-02
3.960000000002990e-07 3.465313500002580e+02 -5.535955452079721e+02 4.880584885187347e+03 5.015719657835049e+03  9.372098729367617e-03      2.459867783337312e-02   2.527977176261422e-02
3.980000000003010e-07 3.482613500002600e+02  9.566493265529643e+02 6.645270304434862e+03 6.829266098565562e+03  8.530165232476183e-03      2.250443033094936e-02   2.312753824688148e-02
4.000000000003030e-07 3.499913500002620e+02  1.617781195742875e+03 9.686561314566772e+03 9.954765083536107e+03  8.129422187638239e-03      2.150416423965269e-02   2.209957655474713e-02
