#               t [s]              H_x [A/m]              H_y [A/m]              H_z [A/m]              M_x [A/m]              M_y [A/m]              M_z [A/m]
2.000000000000000e-09  0.000000000000000e+00  0.000000000000000e+00  1.590764097306140e+05 -2.078327036821748e+03  1.988703763879982e+02  4.216014495361225e+05
4.000000000000020e-09  0.000000000000000e+00  0.000000000000000e+00  1.588408871497190e+05  5.190834434307412e+02 -1.283808518272347e+03  4.213658824972220e+05
5.999999999999970e-09  0.000000000000000e+00  0.000000000000000e+00  1.584486077815770e+05 -7.225273680282372e+02  1.528512491125652e+03  4.209107233431767e+05
7.999999999999919e-09  0.000000000000000e+00  0.000000000000000e+00  1.578999587585840e+05  4.751054169607495e+03 -7.672342664074630e+02  4.205044665542023e+05
9.999999999999879e-09  0.000000000000000e+00  0.000000000000000e+00  1.571954815311180e+05  7.042134231197260e+02 -2.967360225142802e+03  4.215295017806448e+05
1.199999999999980e-08  0.000000000000000e+00  0.000000000000000e+00  1.563358713331880e+05  3.458894952895811e+02  2.096479310232888e+03  4.198539947009404e+05
1.399999999999980e-08  0.000000000000000e+00  0.000000000000000e+00  1.553219764963250e+05 -5.013798791166307e+03  6.755757259718209e+02  4.204828384434344e+05
1.599999999999990e-08  0.000000000000000e+00  0.000000000000000e+00  1.541547976123780e+05  6.937594319013332e+03  8.615503210435529e+02  4.197700169108651e+05
1.800000000000020e-08  0.000000000000000e+00  0.000000000000000e+00  1.528354865460570e+05 -4.840540297572004e+03 -8.793608669076480e+00  4.195058676112464e+05
2.000000000000050e-08  0.000000000000000e+00  0.000000000000000e+00  1.513653452981720e+05  1.771340015030091e+03  2.760106895108880e+03  4.190432572864309e+05
2.200000000000080e-08  0.000000000000000e+00  0.000000000000000e+00  1.497458247207240e+05  5.548509115494861e+03 -7.799681957974063e+02  4.181470678431462e+05
2.400000000000100e-08  0.000000000000000e+00  0.000000000000000e+00  1.479785230850860e+05 -5.088403412252022e+03 -1.540045499283545e+02  4.192533322331062e+05
2.600000000000130e-08  0.000000000000000e+00  0.000000000000000e+00  1.460651845046990e+05 -8.872298582406057e+01  1.273160259746873e+03  4.167232974387812e+05
2.800000000000160e-08  0.000000000000000e+00  0.000000000000000e+00  1.440076972138480e+05  3.762353506067222e+03 -1.494675178695005e+03  4.175453689448877e+05
3.000000000000180e-08  0.000000000000000e+00  0.000000000000000e+00  1.418080917041970e+05  3.674195264756996e+03 -2.266981285379502e+03  4.178843165947068e+05
3.200000000000140e-08  0.000000000000000e+00  0.000000000000000e+00  1.394685387209460e+05  4.849959315257165e+03  2.633180629335233e+03  4.157439557226743e+05
3.400000000000110e-08  0.000000000000000e+00  0.000000000000000e+00  1.369913471205580e+05  5.279986277534161e+02 -1.206197061400980e+03  4.155215927351080e+05
3.600000000000070e-08  0.000000000000000e+00  0.000000000000000e+00  1.343789615922040e+05 -2.446314743421392e+03 -2.982848157461019e+02  4.166240701964572e+05
3.800000000000030e-08  0.000000000000000e+00  0.000000000000000e+00  1.316339602451470e+05 -2.024951605836507e+03  2.728269421780107e+03  4.129893756124357e+05
3.999999999999990e-08  0.000000000000000e+00  0.000000000000000e+00  1.287590520644600e+05 -2.354774534713009e+03 -8.692166216067548e+02  4.123281666063917e+05
4.199999999999950e-08  0.000000000000000e+00  0.000000000000000e+00  1.257570742375820e+05  1.137447395198771e+03  7.730716337365295e+02  4.127144275810447e+05
4.399999999999920e-08  0.000000000000000e+00  0.000000000000000e+00  1.226309893543600e+05 -1.554920796229722e+03  9.836057545270806e+01  4.126363001034409e+05
4.599999999999880e-08  0.000000000000000e+00  0.000000000000000e+00  1.193838824833300e+05  5.142095158492062e+02  1.679004506434443e+03  4.093967556218940e+05
4.799999999999840e-08  0.000000000000000e+00  0.000000000000000e+00  1.160189581271230e+05  3.624221607125976e+03 -1.847389554742878e+03  4.104292402923633e+05
4.999999999999800e-08  0.000000000000000e+00  0.000000000000000e+00  1.125395370600120e+05  8.197754932459256e+03 -1.859810408392970e+03  4.067173884426017e+05
5.199999999999770e-08  0.000000000000000e+00  0.000000000000000e+00  1.089490530507040e+05  1.951798807513104e+03 -8.530004429075508e+02  4.045919554569115e+05
5.399999999999730e-08  0.000000000000000e+00  0.000000000000000e+00  1.052510494736310e+05  2.825849634947682e+03 -4.099520271740076e+02  4.047611539012828e+05
5.599999999999690e-08  0.000000000000000e+00  0.000000000000000e+00  1.014491758120600e+05  4.084008950867506e+03  3.125162178606890e+03  3.997219856044996e+05
5.799999999999650e-08  0.000000000000000e+00  0.000000000000000e+00  9.754718405649791e+04  3.653838901442421e+03  6.147125807725155e+02  4.004319161103084e+05
5.999999999999610e-08  0.000000000000000e+00  0.000000000000000e+00  9.354892500192930e+04  1.545025348292159e+03 -1.319708765882288e+03  3.951700061037418e+05
6.199999999999580e-08  0.000000000000000e+00  0.000000000000000e+00  8.945834444754470e+04  4.119507956886198e+03  5.414786357604580e+03  3.954526832203973e+05
6.399999999999540e-08  0.000000000000000e+00  0.000000000000000e+00  8.527947930271410e+04  3.619249867204118e+03 -2.029680373566445e+03  3.896441650227742e+05
6.599999999999501e-08  0.000000000000000e+00  0.000000000000000e+00  8.101645360304460e+04 -2.355417391174216e+03 -5.715730585828573e+03  3.898894485381986e+05
6.799999999999460e-08  0.000000000000000e+00  0.000000000000000e+00  7.667347444045440e+04 -1.212426230016075e+03 -4.042496116243645e+03  3.848190994563811e+05
6.999999999999419e-08  0.000000000000000e+00  0.000000000000000e+00  7.225482781128130e+04  7.844850582006885e+02  3.554340919450468e+01  3.765517070168499e+05
7.199999999999389e-08  0.000000000000000e+00  0.000000000000000e+00  6.776487438652130e+04 -3.912766626371313e+03  2.047025996704268e+03  3.727426373560408e+05
7.399999999999350e-08  0.000000000000000e+00  0.000000000000000e+00  6.320804520837260e+04 -2.019705469767111e+03  3.788007086221433e+03  3.707729253624817e+05
7.599999999999310e-08  0.000000000000000e+00  0.000000000000000e+00  5.858883731733160e+04 -1.168247508701513e+03  2.620374734997975e+03  3.668979538428094e+05
7.799999999999270e-08  0.000000000000000e+00  0.000000000000000e+00  5.391180931415680e+04 -2.887613392884538e+03  1.212031377599078e+03  3.597027121131383e+05
7.999999999999240e-08  0.000000000000000e+00  0.000000000000000e+00  4.918157686107970e+04  7.425088624689739e+01  7.728745086077779e+02  3.501665930943763e+05
8.199999999999200e-08  0.000000000000000e+00  0.000000000000000e+00  4.440280812670340e+04 -1.953825353767506e+03  3.978726255078454e+03  3.479869791147995e+05
8.399999999999159e-08  0.000000000000000e+00  0.000000000000000e+00  3.958021917908340e+04  1.474593049727131e+03 -4.602813489220771e+02  3.392110267376541e+05
8.599999999999120e-08  0.000000000000000e+00  0.000000000000000e+00  3.471856933153770e+04 -3.174380402885436e+03 -2.365812827662972e+03  3.345824315355882e+05
8.799999999999080e-08  0.000000000000000e+00  0.000000000000000e+00  2.982265644577870e+04 -6.709505368319816e+03  5.615592332582916e+03  3.281780109410051e+05
8.999999999999050e-08  0.000000000000000e+00  0.000000000000000e+00  2.489731219700290e+04 -6.877543028432223e+01 -4.172018787332949e+01  3.194132777821821e+05
9.199999999999010e-08  0.000000000000000e+00  0.000000000000000e+00  1.994739730561010e+04  5.582671030336454e+02 -1.826991587494710e+03  3.121953700708658e+05
9.399999999998970e-08  0.000000000000000e+00  0.000000000000000e+00  1.497779674025970e+04 -2.918835680770350e+03  3.815174692964058e+03  2.997072129505362e+05
9.599999999998931e-08  0.000000000000000e+00  0.000000000000000e+00  9.993414896995309e+03  4.368752334342643e+03 -4.708531478172552e+03  2.904235461192026e+05
9.799999999998890e-08  0.000000000000000e+00  0.000000000000000e+00  4.999170759198400e+03 -4.267998696950465e+03  5.630243678139176e+03  2.848386490622381e+05
9.999999999998860e-08  0.000000000000000e+00  0.000000000000000e+00 -6.956855198561420e-03 -3.735505474109429e+01  2.691712525327185e+02  2.725740587575684e+05
1.019999999999880e-07  0.000000000000000e+00  0.000000000000000e+00 -4.999184666043220e+03 -1.618219428007916e+03 -2.949467757014819e+03  2.600264236688497e+05
1.039999999999880e-07  0.000000000000000e+00  0.000000000000000e+00 -9.993428783250180e+03 -4.706501677069999e+01 -4.420243968740352e+03  2.537184652290013e+05
1.059999999999870e-07  0.000000000000000e+00  0.000000000000000e+00 -1.497781059222050e+04 -4.307924001044143e+03  2.863001090287426e+03  2.366892030792254e+05
1.079999999999870e-07  0.000000000000000e+00  0.000000000000000e+00 -1.994741110960670e+04  3.352722561716275e+03  3.331537051198241e+03  2.167472048916703e+05
1.099999999999870e-07  0.000000000000000e+00  0.000000000000000e+00 -2.489732593941240e+04 -4.275852296810307e+03  3.011029416335893e+03  2.014693233246863e+05
1.119999999999860e-07  0.000000000000000e+00  0.000000000000000e+00 -2.982267011303910e+04 -5.078293874638541e+03 -3.962159487252693e+03  1.709344185022017e+05
1.139999999999860e-07  0.000000000000000e+00  0.000000000000000e+00 -3.471858291016090e+04  9.167542037427609e+02  8.766847441001388e+03  1.283758703797619e+05
1.159999999999860e-07  0.000000000000000e+00  0.000000000000000e+00 -3.958023265566900e+04 -9.547974005626650e+02 -1.539789223034350e+03  5.311587749521883e+04
1.179999999999850e-07  0.000000000000000e+00  0.000000000000000e+00 -4.440282148795160e+04 -6.202013173385440e+03  8.444100670262449e+01 -5.242227203984726e+04
1.199999999999860e-07  0.000000000000000e+00  0.000000000000000e+00 -4.918159009380710e+04 -4.872321063270236e+03  3.296710741940357e+02 -1.639091242892369e+05
1.219999999999880e-07  0.000000000000000e+00  0.000000000000000e+00 -5.391182240530800e+04 -2.247204166203687e+03  2.409245207466018e+03 -2.510159910373122e+05
1.239999999999900e-07  0.000000000000000e+00  0.000000000000000e+00 -5.858885025398710e+04 -3.652346616455216e+03 -1.800255560236871e+03 -2.964791096642967e+05
1.259999999999930e-07  0.000000000000000e+00  0.000000000000000e+00 -6.320805797776520e+04 -4.600579058247708e+03  5.861393361168118e+02 -3.284596248366009e+05
1.279999999999950e-07  0.000000000000000e+00  0.000000000000000e+00 -6.776488697604911e+04 -5.593230588641692e+03  5.843361581787921e+03 -3.494545006924487e+05
1.299999999999970e-07  0.000000000000000e+00  0.000000000000000e+00 -7.225484020851980e+04  8.706297322175865e+02  9.294300126675791e+03 -3.697890985406221e+05
1.319999999999990e-07  0.000000000000000e+00  0.000000000000000e+00 -7.667348663316869e+04 -1.150565659180110e+03 -5.981090094264025e+01 -3.754941883982607e+05
1.340000000000020e-07  0.000000000000000e+00  0.000000000000000e+00 -8.101646557920190e+04 -2.961745793523266e+03 -1.136662929290256e+03 -3.827934074528508e+05
1.360000000000040e-07  0.000000000000000e+00  0.000000000000000e+00 -8.527949105049520e+04  2.169047605267519e+03  3.248435336974881e+03 -3.894877062746868e+05
1.380000000000060e-07  0.000000000000000e+00  0.000000000000000e+00 -8.945835595535560e+04 -3.793836363292674e+03 -2.815420070658479e+02 -3.952084049919563e+05
1.400000000000090e-07  0.000000000000000e+00  0.000000000000000e+00 -9.354893625841300e+04  4.971236899980819e+02 -2.771036821515444e+03 -3.986940060800186e+05
1.420000000000110e-07  0.000000000000000e+00  0.000000000000000e+00 -9.754719505054530e+04 -5.015211904614181e+03  2.477118011081556e+03 -3.988697748844847e+05
1.440000000000130e-07  0.000000000000000e+00  0.000000000000000e+00 -1.014491865328210e+05  4.990539411077647e+03  1.837880634549698e+03 -3.998157816518592e+05
1.460000000000150e-07  0.000000000000000e+00  0.000000000000000e+00 -1.052510599105250e+05 -6.328066351445473e+03  2.871955305344139e+03 -4.033001577759506e+05
1.480000000000180e-07  0.000000000000000e+00  0.000000000000000e+00 -1.089490631934320e+05 -2.825497730578705e+03  2.509342623901012e+03 -4.062249925524489e+05
1.500000000000200e-07  0.000000000000000e+00  0.000000000000000e+00 -1.125395468985630e+05 -2.373643293742417e+03 -8.531408265239720e+02 -4.070101922600578e+05
1.520000000000220e-07  0.000000000000000e+00  0.000000000000000e+00 -1.160189676517880e+05 -2.381787929699887e+03  3.730236732543185e+03 -4.096198471529094e+05
1.540000000000240e-07  0.000000000000000e+00  0.000000000000000e+00 -1.193838916847080e+05 -1.402407661939984e+03  2.707125299744083e+03 -4.102747836079365e+05
1.560000000000270e-07  0.000000000000000e+00  0.000000000000000e+00 -1.226309982233710e+05 -3.762409915622442e+03 -3.061744562272630e+03 -4.098675356642800e+05
1.580000000000290e-07  0.000000000000000e+00  0.000000000000000e+00 -1.257570827654710e+05 -1.388776986919680e+02  2.425304405596672e+03 -4.125667716843545e+05
1.600000000000310e-07  0.000000000000000e+00  0.000000000000000e+00 -1.287590602428120e+05  5.017557223319831e+01  3.712799823394768e+03 -4.127894619793852e+05
1.620000000000330e-07  0.000000000000000e+00  0.000000000000000e+00 -1.316339680658920e+05 -1.965827668732145e+03  2.228797273543785e+03 -4.151460606442054e+05
1.640000000000360e-07  0.000000000000000e+00  0.000000000000000e+00 -1.343789690476220e+05 -1.720167036894756e+03  2.285594471053384e+03 -4.137533514852560e+05
1.660000000000380e-07  0.000000000000000e+00  0.000000000000000e+00 -1.369913542032910e+05 -1.364113197306029e+03  8.628222112575417e+02 -4.157086371883847e+05
1.680000000000400e-07  0.000000000000000e+00  0.000000000000000e+00 -1.394685454240040e+05 -1.707219540077352e+03  2.501203623480198e+03 -4.159886777159342e+05
1.700000000000430e-07  0.000000000000000e+00  0.000000000000000e+00 -1.418080980209660e+05  5.756108507742803e+02  3.385548440919224e+03 -4.178447368749880e+05
1.720000000000450e-07  0.000000000000000e+00  0.000000000000000e+00 -1.440077031380910e+05  1.846871158328526e+03  1.741937088739418e+03 -4.189531337426048e+05
1.740000000000470e-07  0.000000000000000e+00  0.000000000000000e+00 -1.460651900305700e+05 -1.069744956477097e+02  4.046814711421146e+01 -4.182545892706365e+05
1.760000000000490e-07  0.000000000000000e+00  0.000000000000000e+00 -1.479785282071320e+05  1.903569492441927e+03 -1.830710192090516e+02 -4.175343902769734e+05
1.780000000000520e-07  0.000000000000000e+00  0.000000000000000e+00 -1.497458294338890e+05 -2.329660591148360e+02 -4.566867511114177e+03 -4.181093114939764e+05
1.800000000000540e-07  0.000000000000000e+00  0.000000000000000e+00 -1.513653495978040e+05 -3.488301803544994e+02  5.756093362072459e+02 -4.197197611068586e+05
1.820000000000560e-07  0.000000000000000e+00  0.000000000000000e+00 -1.528354904279130e+05  1.640040846674064e+03 -1.160799210935968e+03 -4.191419298332217e+05
1.840000000000580e-07  0.000000000000000e+00  0.000000000000000e+00 -1.541548010726270e+05 -4.935099806227377e+03 -2.793967965741092e+03 -4.188132434387453e+05
1.860000000000610e-07  0.000000000000000e+00  0.000000000000000e+00 -1.553219795315510e+05 -2.793888812843860e+03 -3.677850001009756e+03 -4.209438506448453e+05
1.880000000000630e-07  0.000000000000000e+00  0.000000000000000e+00 -1.563358739403970e+05  1.540966197398723e+03  1.042007625348044e+03 -4.208294538506835e+05
1.900000000000650e-07  0.000000000000000e+00  0.000000000000000e+00 -1.571954837077360e+05 -1.751867135500191e+02  5.914172426689815e+02 -4.207841772384596e+05
1.920000000000670e-07  0.000000000000000e+00  0.000000000000000e+00 -1.578999605024620e+05 -1.327646547616048e+03  3.149082711361143e+02 -4.203660934231346e+05
1.940000000000700e-07  0.000000000000000e+00  0.000000000000000e+00 -1.584486090909940e+05 -1.792543223095129e+03  4.879008699219199e+02 -4.220166165948281e+05
1.960000000000720e-07  0.000000000000000e+00  0.000000000000000e+00 -1.588408880233820e+05  3.159656311131899e+03  1.180300969432171e+03 -4.205360049490525e+05
1.980000000000740e-07  0.000000000000000e+00  0.000000000000000e+00 -1.590764101676610e+05 -4.049684481534751e+03  3.636309963429967e+03 -4.205659614828394e+05
2.000000000000770e-07  0.000000000000000e+00  0.000000000000000e+00 -1.591549430918950e+05  1.139704842052094e+02  2.312834568201492e+03 -4.219244048489947e+05
2.020000000000790e-07  0.000000000000000e+00  0.000000000000000e+00 -1.590764092935650e+05 -3.156060072790578e+03 -1.690951339543360e+03 -4.226175736823473e+05
2.040000000000810e-07  0.000000000000000e+00  0.000000000000000e+00 -1.588408862760530e+05 -2.353668157445414e+03 -2.571673937465794e+02 -4.216279823464473e+05
2.060000000000830e-07  0.000000000000000e+00  0.000000000000000e+00 -1.584486064721550e+05 -4.921079413350201e+01 -3.471557279895850e+03 -4.213790030788837e+05
2.080000000000860e-07  0.000000000000000e+00  0.000000000000000e+00 -1.578999570146990e+05  1.909512461892372e+03  4.619199794829886e+02 -4.217192308236259e+05
2.100000000000880e-07  0.000000000000000e+00  0.000000000000000e+00 -1.571954793544900e+05 -3.593728099671933e+02  2.593907359157669e+03 -4.198060090592920e+05
2.120000000000900e-07  0.000000000000000e+00  0.000000000000000e+00 -1.563358687259650e+05  3.831683223398683e+03  1.341849482308473e+03 -4.210350551828606e+05
2.140000000000920e-07  0.000000000000000e+00  0.000000000000000e+00 -1.553219734610790e+05 -3.044551089467953e+03  5.841372908131253e+02 -4.210566650439773e+05
2.160000000000950e-07  0.000000000000000e+00  0.000000000000000e+00 -1.541547941521050e+05 -2.810199947759378e+03  4.530773732700166e+03 -4.197426877705553e+05
2.180000000000970e-07  0.000000000000000e+00  0.000000000000000e+00 -1.528354826641710e+05 -1.844106836784976e+03 -1.518837341356395e+03 -4.184263990097925e+05
2.200000000000990e-07  0.000000000000000e+00  0.000000000000000e+00 -1.513653409985040e+05 -4.789306930378354e+02  8.666236927735272e+02 -4.188466290369009e+05
2.220000000001010e-07  0.000000000000000e+00  0.000000000000000e+00 -1.497458200075180e+05 -1.323370239608158e+03  2.161918803855683e+03 -4.194389131577821e+05
2.240000000001040e-07  0.000000000000000e+00  0.000000000000000e+00 -1.479785179629910e+05 -2.252737913039451e+03  1.187654540537468e+03 -4.194450125857994e+05
2.260000000001060e-07  0.000000000000000e+00  0.000000000000000e+00 -1.460651789787710e+05  1.315375228467012e+03 -1.333879586533265e+03 -4.178149454658764e+05
2.280000000001080e-07  0.000000000000000e+00  0.000000000000000e+00 -1.440076912895390e+05 -4.655423181100273e+02  3.664548766758537e+03 -4.180212959737406e+05
2.300000000001110e-07  0.000000000000000e+00  0.000000000000000e+00 -1.418080853873550e+05  2.109300677509273e+03 -2.048274734780146e+03 -4.170193351191481e+05
2.320000000001130e-07  0.000000000000000e+00  0.000000000000000e+00 -1.394685320178020e+05 -1.568592992468587e+03 -1.571261752541098e+02 -4.161983710467367e+05
2.340000000001150e-07  0.000000000000000e+00  0.000000000000000e+00 -1.369913400377280e+05  2.926773881011516e+03  5.701261800053034e+02 -4.159673723093951e+05
2.360000000001170e-07  0.000000000000000e+00  0.000000000000000e+00 -1.343789541366770e+05 -5.069232741343514e+03 -2.100127465632530e+02 -4.147757292992653e+05
2.380000000001200e-07  0.000000000000000e+00  0.000000000000000e+00 -1.316339524242810e+05 -5.589371598269790e+03  8.137793902857250e+02 -4.151032301105723e+05
2.400000000001220e-07  0.000000000000000e+00  0.000000000000000e+00 -1.287590438859720e+05 -1.953072058672890e+03 -6.214724799597328e+02 -4.124787821195054e+05
2.420000000001240e-07  0.000000000000000e+00  0.000000000000000e+00 -1.257570657095440e+05 -2.887547934678668e+03  1.069252870810102e+02 -4.108792367871988e+05
2.440000000001260e-07  0.000000000000000e+00  0.000000000000000e+00 -1.226309804851880e+05  1.247116236463980e+03  2.497733414130748e+03 -4.129497995768480e+05
2.460000000001290e-07  0.000000000000000e+00  0.000000000000000e+00 -1.193838732817750e+05  2.830215094676547e+03 -4.935444965965535e+03 -4.095290806616703e+05
2.480000000001310e-07  0.000000000000000e+00  0.000000000000000e+00 -1.160189486022670e+05 -4.071083990209415e+03  7.708605965756733e+02 -4.087828016118192e+05
2.500000000001330e-07  0.000000000000000e+00  0.000000000000000e+00 -1.125395272212530e+05 -2.024409588186664e+03  1.275598021587133e+03 -4.063420069080093e+05
2.520000000001360e-07  0.000000000000000e+00  0.000000000000000e+00 -1.089490429077520e+05  9.453879809475412e+02 -4.902119862955693e+02 -4.055769417530052e+05
2.540000000001380e-07  0.000000000000000e+00  0.000000000000000e+00 -1.052510390364960e+05 -1.079506717729681e+03  1.031540977716239e+03 -4.041912526683197e+05
2.560000000001400e-07  0.000000000000000e+00  0.000000000000000e+00 -1.014491650910410e+05  3.052694878035853e+03  2.724639970348606e+03 -4.008500091389815e+05
2.580000000001420e-07  0.000000000000000e+00  0.000000000000000e+00 -9.754717306217609e+04 -4.793141965856370e+02  1.209400006365888e+03 -3.961775904020065e+05
2.600000000001450e-07  0.000000000000000e+00  0.000000000000000e+00 -9.354891374515410e+04 -8.984518298961568e+02  2.636828019628164e+03 -3.951931816653906e+05
2.620000000001470e-07  0.000000000000000e+00  0.000000000000000e+00 -8.945833293942490e+04  5.345111427738140e+03  6.056887244093784e+02 -3.937867967441371e+05
2.640000000001490e-07  0.000000000000000e+00  0.000000000000000e+00 -8.527946755460660e+04  2.862492829426693e+03 -3.285360604265994e+03 -3.900182340875497e+05
2.660000000001510e-07  0.000000000000000e+00  0.000000000000000e+00 -8.101644162654300e+04  3.299102418463639e+03 -3.032004331259758e+03 -3.863765759932761e+05
2.680000000001540e-07  0.000000000000000e+00  0.000000000000000e+00 -7.667346224737800e+04 -3.208651562117462e+02  1.976674043665744e+03 -3.836743134825242e+05
2.700000000001560e-07  0.000000000000000e+00  0.000000000000000e+00 -7.225481541366300e+04  1.139077918929295e+03  1.438001354124227e+03 -3.785247451445183e+05
2.720000000001580e-07  0.000000000000000e+00  0.000000000000000e+00 -6.776486179659580e+04 -4.427032305617279e+03 -4.517958815377518e+03 -3.727396069379415e+05
2.740000000001600e-07  0.000000000000000e+00  0.000000000000000e+00 -6.320803243856450e+04 -8.851177912869591e+02 -8.051376463075141e+03 -3.686997855261923e+05
2.760000000001630e-07  0.000000000000000e+00  0.000000000000000e+00 -5.858882438024310e+04 -5.231620463413232e+03 -6.482321884442622e+02 -3.653276344627757e+05
2.780000000001650e-07  0.000000000000000e+00  0.000000000000000e+00 -5.391179622255490e+04 -1.374094666916600e+02 -1.637656576669127e+02 -3.613335037012337e+05
2.800000000001670e-07  0.000000000000000e+00  0.000000000000000e+00 -4.918156362788420e+04 -1.674303261332740e+03 -2.608031264803461e+03 -3.526987389527430e+05
2.820000000001700e-07  0.000000000000000e+00  0.000000000000000e+00 -4.440279476497370e+04  1.429589987931214e+02  4.110825525041990e+02 -3.461829723622628e+05
2.840000000001720e-07  0.000000000000000e+00  0.000000000000000e+00 -3.958020570200580e+04  1.997094421267165e+03  1.309805857633352e+03 -3.411032951841531e+05
2.860000000001740e-07  0.000000000000000e+00  0.000000000000000e+00 -3.471855575241240e+04  3.605841726634310e+03  2.935091566970724e+02 -3.334580676354836e+05
2.880000000001760e-07  0.000000000000000e+00  0.000000000000000e+00 -2.982264277800660e+04  3.639360886801155e+03  6.231268411931156e+03 -3.278371883405886e+05
2.900000000001790e-07  0.000000000000000e+00  0.000000000000000e+00 -2.489729845407210e+04 -5.885432579933888e+02  2.283044673570522e+03 -3.193199792364736e+05
2.920000000001810e-07  0.000000000000000e+00  0.000000000000000e+00 -1.994738350108340e+04 -1.817392508938507e+03  1.639928014785761e+03 -3.098590751024968e+05
2.940000000001830e-07  0.000000000000000e+00  0.000000000000000e+00 -1.497778288776040e+04 -2.468281671643285e+03  3.598831728931067e+03 -3.019203499280398e+05
2.960000000001850e-07  0.000000000000000e+00  0.000000000000000e+00 -9.993401010194149e+03 -4.783606844959074e+02  2.514216350575520e+03 -2.916337050941956e+05
2.980000000001880e-07  0.000000000000000e+00  0.000000000000000e+00 -4.999156851799800e+03 -2.523449624644506e+03  2.959574713809357e+03 -2.839526877796844e+05
3.000000000001900e-07  0.000000000000000e+00  0.000000000000000e+00  2.087112618611660e-02 -8.650781253361100e+03  6.452046528044871e+03 -2.714126202807350e+05
3.020000000001920e-07  0.000000000000000e+00  0.000000000000000e+00  4.999198573454890e+03 -2.642166130389529e+03  2.682121932740639e+03 -2.602297235132073e+05
3.040000000001940e-07  0.000000000000000e+00  0.000000000000000e+00  9.993442670077720e+03 -5.423251112578982e+03  3.442029710025782e+03 -2.475055399343875e+05
3.060000000001970e-07  0.000000000000000e+00  0.000000000000000e+00  1.497782444475910e+04 -9.413014762048953e+03  7.253749427023189e+03 -2.353812156452387e+05
3.080000000001990e-07  0.000000000000000e+00  0.000000000000000e+00  1.994742491418560e+04 -2.647119545332850e+03  6.669885796654889e+03 -2.127711740950902e+05
3.100000000002010e-07  0.000000000000000e+00  0.000000000000000e+00  2.489733968240820e+04 -9.167341800481368e+03  8.235054050142213e+02 -1.978020064053490e+05
3.120000000002040e-07  0.000000000000000e+00  0.000000000000000e+00  2.982268378088880e+04  1.482274740028959e+03 -1.069202987147477e+03 -1.701214225798766e+05
3.140000000002060e-07  0.000000000000000e+00  0.000000000000000e+00  3.471859648937610e+04 -6.621420705726810e+03  1.121603457061309e+04 -1.208373330636354e+05
3.160000000002080e-07  0.000000000000000e+00  0.000000000000000e+00  3.958024613284860e+04  3.125750760161351e+03  3.123482986906089e+03 -4.596511447002832e+04
3.180000000002100e-07  0.000000000000000e+00  0.000000000000000e+00  4.440283484979500e+04 -3.927880929221730e+02  3.650787308364459e+03  5.950692087547248e+04
3.200000000002130e-07  0.000000000000000e+00  0.000000000000000e+00  4.918160332712520e+04  9.161959868361058e+03  4.152402769035856e+03  1.584965390782681e+05
3.220000000002150e-07  0.000000000000000e+00  0.000000000000000e+00  5.391183549703730e+04  4.349354473009586e+03 -9.690246995784546e+03  2.495745934983628e+05
3.240000000002170e-07  0.000000000000000e+00  0.000000000000000e+00  5.858886319120770e+04 -1.177392713942285e+02 -5.350797406384067e+03  2.961560656122981e+05
3.260000000002190e-07  0.000000000000000e+00  0.000000000000000e+00  6.320807074770950e+04  4.029268909708114e+03 -2.370574921131226e+03  3.298372614261449e+05
3.280000000002220e-07  0.000000000000000e+00  0.000000000000000e+00  6.776489956611479e+04  1.946828094997905e+03  9.893453834925664e+02  3.550918481615398e+05
3.300000000002240e-07  0.000000000000000e+00  0.000000000000000e+00  7.225485260628200e+04  3.293483712764601e+03  1.952677580672233e+03  3.702308642806711e+05
3.320000000002260e-07  0.000000000000000e+00  0.000000000000000e+00  7.667349882639230e+04  2.241969039540540e+03  2.314346956486473e+03  3.789689091261459e+05
3.340000000002280e-07  0.000000000000000e+00  0.000000000000000e+00  8.101647755585361e+04  3.571395287434115e+03 -3.315661138446197e+03  3.854787451352245e+05
3.360000000002310e-07  0.000000000000000e+00  0.000000000000000e+00  8.527950279875570e+04  7.403149937286803e+03  1.620647543520111e+03  3.917729492355713e+05
3.380000000002330e-07  0.000000000000000e+00  0.000000000000000e+00  8.945836746363060e+04  1.170450865097272e+03 -1.519890671693182e+03  3.937101283360577e+05
3.400000000002350e-07  0.000000000000000e+00  0.000000000000000e+00  9.354894751534519e+04 -4.307459368288511e+02  4.257063377353339e+03  3.958076801603906e+05
3.420000000002380e-07  0.000000000000000e+00  0.000000000000000e+00  9.754720604502570e+04  1.506206174841678e+03 -3.496816021545146e+03  3.980082111204328e+05
3.440000000002400e-07  0.000000000000000e+00  0.000000000000000e+00  1.014491972539990e+05  4.794870979740234e+03 -4.244817377139178e+03  4.012261713236855e+05
3.460000000002420e-07  0.000000000000000e+00  0.000000000000000e+00  1.052510703478210e+05 -1.029798434567714e+03 -2.647687102017522e+03  4.029824187072465e+05
3.480000000002440e-07  0.000000000000000e+00  0.000000000000000e+00  1.089490733365440e+05  1.888699519973573e+03  2.421115957482893e+01  4.047804432448915e+05
3.500000000002470e-07  0.000000000000000e+00  0.000000000000000e+00  1.125395567374820e+05 -4.321090873569569e+02 -1.047383296223319e+03  4.072698691727887e+05
3.520000000002490e-07  0.000000000000000e+00  0.000000000000000e+00  1.160189771768040e+05  1.390532536386220e+03 -5.119044270892125e+03  4.084292422957447e+05
3.540000000002510e-07  0.000000000000000e+00  0.000000000000000e+00  1.193839008864210e+05  8.864655385763045e+02 -2.279026822222987e+03  4.093776890533410e+05
3.560000000002530e-07  0.000000000000000e+00  0.000000000000000e+00  1.226310070927000e+05 -1.072241080275287e+03  3.384107954092583e+03  4.117700941791488e+05
3.580000000002560e-07  0.000000000000000e+00  0.000000000000000e+00  1.257570912936640e+05 -1.748551540183122e+02  5.610325938855246e+02  4.112767744256879e+05
3.600000000002580e-07  0.000000000000000e+00  0.000000000000000e+00  1.287590684214520e+05  8.683953140143415e+02 -4.617194596769339e+03  4.128945080127167e+05
3.620000000002600e-07  0.000000000000000e+00  0.000000000000000e+00  1.316339758869060e+05 -3.827487755996808e+02  4.113589853230183e+03  4.139105746869867e+05
3.640000000002630e-07  0.000000000000000e+00  0.000000000000000e+00  1.343789765032940e+05  2.989014741027318e+03 -1.057454797569970e+03  4.143518858740557e+05
3.660000000002650e-07  0.000000000000000e+00  0.000000000000000e+00  1.369913612862620e+05  2.390107806332678e+03 -2.825210572362505e+03  4.177244079785125e+05
3.680000000002670e-07  0.000000000000000e+00  0.000000000000000e+00  1.394685521272850e+05  1.872072752345693e+03  1.659237963157176e+03  4.169298978653399e+05
3.700000000002690e-07  0.000000000000000e+00  0.000000000000000e+00  1.418081043379400e+05 -3.116018904452214e+02  2.193511173899191e+03  4.171052985896915e+05
3.720000000002720e-07  0.000000000000000e+00  0.000000000000000e+00  1.440077090625250e+05 -9.861170631066605e+02  4.884131392688339e+02  4.167294586493839e+05
3.740000000002740e-07  0.000000000000000e+00  0.000000000000000e+00  1.460651955566170e+05 -7.328466835658638e+02 -1.314387855701610e+03  4.170948487775167e+05
3.760000000002760e-07  0.000000000000000e+00  0.000000000000000e+00  1.479785333293380e+05  2.048808394434421e+03  2.984078250891372e+03  4.181880692979815e+05
3.780000000002780e-07  0.000000000000000e+00  0.000000000000000e+00  1.497458341472000e+05  2.039093137665904e+03 -9.211691857164626e+02  4.190580127246399e+05
3.800000000002810e-07  0.000000000000000e+00  0.000000000000000e+00  1.513653538975680e+05  1.503252885650548e+03 -8.088105554530453e+01  4.195878268428766e+05
3.820000000002830e-07  0.000000000000000e+00  0.000000000000000e+00  1.528354943098870e+05 -1.017098976897627e+03 -1.164369386559802e+03  4.204242199343414e+05
3.840000000002850e-07  0.000000000000000e+00  0.000000000000000e+00  1.541548045329800e+05  1.160119689278187e+03 -1.724397355653933e+03  4.194185129759838e+05
3.860000000002870e-07  0.000000000000000e+00  0.000000000000000e+00  1.553219825668680e+05  3.387937848464109e+03  7.274657526220930e+02  4.206533146115292e+05
3.880000000002900e-07  0.000000000000000e+00  0.000000000000000e+00  1.563358765476820e+05  1.338207662863813e+03  6.559475525952350e+02  4.194125201868451e+05
3.900000000002920e-07  0.000000000000000e+00  0.000000000000000e+00  1.571954858844150e+05 -2.238517093268530e+03 -2.564501756561677e+03  4.207180308901420e+05
3.920000000002940e-07  0.000000000000000e+00  0.000000000000000e+00  1.578999622463890e+05  2.746341881227272e+03 -3.215150102420402e+03  4.213644882841396e+05
3.940000000002970e-07  0.000000000000000e+00  0.000000000000000e+00  1.584486104004460e+05  4.805402825387078e+02  8.142518479636710e+02  4.206718862762186e+05
3.960000000002990e-07  0.000000000000000e+00  0.000000000000000e+00  1.588408888970690e+05  3.247185810979269e+03  1.433439775346823e+03  4.215429242925694e+05
3.980000000003010e-07  0.000000000000000e+00  0.000000000000000e+00  1.590764106047190e+05  4.109582712231877e+03 -3.666435649078435e+02  4.211148974544936e+05
4.000000000003030e-07  0.000000000000000e+00  0.000000000000000e+00  1.591549430918930e+05  3.781583961103083e+03 -6.124262491055214e+02  4.204158904581068e+05
