#               t [s]              H_x [A/m]              H_y [A/m]              H_z [A/m]                 T [K]
0.200000000000000E-08  0.000000000000000E+00  0.000000000000000E+00  0.159076409730614E+06 0.100000000000000E+03
0.400000000000002E-08  0.000000000000000E+00  0.000000000000000E+00  0.158840887149719E+06 0.100000000000000E+03
0.599999999999997E-08  0.000000000000000E+00  0.000000000000000E+00  0.158448607781577E+06 0.100000000000000E+03
0.799999999999992E-08  0.000000000000000E+00  0.000000000000000E+00  0.157899958758584E+06 0.100000000000000E+03
0.999999999999988E-08  0.000000000000000E+00  0.000000000000000E+00  0.157195481531118E+06 0.100000000000000E+03
0.119999999999998E-07  0.000000000000000E+00  0.000000000000000E+00  0.156335871333188E+06 0.100000000000000E+03
0.139999999999998E-07  0.000000000000000E+00  0.000000000000000E+00  0.155321976496325E+06 0.100000000000000E+03
0.159999999999999E-07  0.000000000000000E+00  0.000000000000000E+00  0.154154797612378E+06 0.100000000000000E+03
0.180000000000002E-07  0.000000000000000E+00  0.000000000000000E+00  0.152835486546057E+06 0.100000000000000E+03
0.200000000000005E-07  0.000000000000000E+00  0.000000000000000E+00  0.151365345298172E+06 0.100000000000000E+03
0.220000000000008E-07  0.000000000000000E+00  0.000000000000000E+00  0.149745824720724E+06 0.100000000000000E+03
0.240000000000010E-07  0.000000000000000E+00  0.000000000000000E+00  0.147978523085086E+06 0.100000000000000E+03
0.260000000000013E-07  0.000000000000000E+00  0.000000000000000E+00  0.146065184504699E+06 0.100000000000000E+03
0.280000000000016E-07  0.000000000000000E+00  0.000000000000000E+00  0.144007697213848E+06 0.100000000000000E+03
0.300000000000018E-07  0.000000000000000E+00  0.000000000000000E+00  0.141808091704197E+06 0.100000000000000E+03
0.320000000000014E-07  0.000000000000000E+00  0.000000000000000E+00  0.139468538720946E+06 0.100000000000000E+03
0.340000000000011E-07  0.000000000000000E+00  0.000000000000000E+00  0.136991347120558E+06 0.100000000000000E+03
0.360000000000007E-07  0.000000000000000E+00  0.000000000000000E+00  0.134378961592204E+06 0.100000000000000E+03
0.380000000000003E-07  0.000000000000000E+00  0.000000000000000E+00  0.131633960245147E+06 0.100000000000000E+03
0.399999999999999E-07  0.000000000000000E+00  0.000000000000000E+00  0.128759052064460E+06 0.100000000000000E+03
0.419999999999995E-07  0.000000000000000E+00  0.000000000000000E+00  0.125757074237582E+06 0.100000000000000E+03
0.439999999999992E-07  0.000000000000000E+00  0.000000000000000E+00  0.122630989354360E+06 0.100000000000000E+03
0.459999999999988E-07  0.000000000000000E+00  0.000000000000000E+00  0.119383882483330E+06 0.100000000000000E+03
0.479999999999984E-07  0.000000000000000E+00  0.000000000000000E+00  0.116018958127123E+06 0.100000000000000E+03
0.499999999999980E-07  0.000000000000000E+00  0.000000000000000E+00  0.112539537060012E+06 0.100000000000000E+03
0.519999999999977E-07  0.000000000000000E+00  0.000000000000000E+00  0.108949053050704E+06 0.100000000000000E+03
0.539999999999973E-07  0.000000000000000E+00  0.000000000000000E+00  0.105251049473631E+06 0.100000000000000E+03
0.559999999999969E-07  0.000000000000000E+00  0.000000000000000E+00  0.101449175812060E+06 0.100000000000000E+03
0.579999999999965E-07  0.000000000000000E+00  0.000000000000000E+00  0.975471840564979E+05 0.100000000000000E+03
0.599999999999961E-07  0.000000000000000E+00  0.000000000000000E+00  0.935489250019293E+05 0.100000000000000E+03
0.619999999999958E-07  0.000000000000000E+00  0.000000000000000E+00  0.894583444475447E+05 0.100000000000000E+03
0.639999999999954E-07  0.000000000000000E+00  0.000000000000000E+00  0.852794793027141E+05 0.100000000000000E+03
0.659999999999950E-07  0.000000000000000E+00  0.000000000000000E+00  0.810164536030446E+05 0.100000000000000E+03
0.679999999999946E-07  0.000000000000000E+00  0.000000000000000E+00  0.766734744404544E+05 0.100000000000000E+03
0.699999999999942E-07  0.000000000000000E+00  0.000000000000000E+00  0.722548278112813E+05 0.100000000000000E+03
0.719999999999939E-07  0.000000000000000E+00  0.000000000000000E+00  0.677648743865213E+05 0.100000000000000E+03
0.739999999999935E-07  0.000000000000000E+00  0.000000000000000E+00  0.632080452083726E+05 0.100000000000000E+03
0.759999999999931E-07  0.000000000000000E+00  0.000000000000000E+00  0.585888373173316E+05 0.100000000000000E+03
0.779999999999927E-07  0.000000000000000E+00  0.000000000000000E+00  0.539118093141568E+05 0.100000000000000E+03
0.799999999999924E-07  0.000000000000000E+00  0.000000000000000E+00  0.491815768610797E+05 0.100000000000000E+03
0.819999999999920E-07  0.000000000000000E+00  0.000000000000000E+00  0.444028081267034E+05 0.100000000000000E+03
0.839999999999916E-07  0.000000000000000E+00  0.000000000000000E+00  0.395802191790834E+05 0.100000000000000E+03
0.859999999999912E-07  0.000000000000000E+00  0.000000000000000E+00  0.347185693315377E+05 0.100000000000000E+03
0.879999999999908E-07  0.000000000000000E+00  0.000000000000000E+00  0.298226564457787E+05 0.100000000000000E+03
0.899999999999905E-07  0.000000000000000E+00  0.000000000000000E+00  0.248973121970029E+05 0.100000000000000E+03
0.919999999999901E-07  0.000000000000000E+00  0.000000000000000E+00  0.199473973056101E+05 0.100000000000000E+03
0.939999999999897E-07  0.000000000000000E+00  0.000000000000000E+00  0.149777967402597E+05 0.100000000000000E+03
0.959999999999893E-07  0.000000000000000E+00  0.000000000000000E+00  0.999341489699531E+04 0.100000000000000E+03
0.979999999999889E-07  0.000000000000000E+00  0.000000000000000E+00  0.499917075919840E+04 0.100000000000000E+03
0.999999999999886E-07  0.000000000000000E+00  0.000000000000000E+00 -0.695685519856142E-02 0.100000000000000E+03
0.101999999999988E-06  0.000000000000000E+00  0.000000000000000E+00 -0.499918466604322E+04 0.100000000000000E+03
0.103999999999988E-06  0.000000000000000E+00  0.000000000000000E+00 -0.999342878325018E+04 0.100000000000000E+03
0.105999999999987E-06  0.000000000000000E+00  0.000000000000000E+00 -0.149778105922205E+05 0.100000000000000E+03
0.107999999999987E-06  0.000000000000000E+00  0.000000000000000E+00 -0.199474111096067E+05 0.100000000000000E+03
0.109999999999987E-06  0.000000000000000E+00  0.000000000000000E+00 -0.248973259394124E+05 0.100000000000000E+03
0.111999999999986E-06  0.000000000000000E+00  0.000000000000000E+00 -0.298226701130391E+05 0.100000000000000E+03
0.113999999999986E-06  0.000000000000000E+00  0.000000000000000E+00 -0.347185829101609E+05 0.100000000000000E+03
0.115999999999986E-06  0.000000000000000E+00  0.000000000000000E+00 -0.395802326556690E+05 0.100000000000000E+03
0.117999999999985E-06  0.000000000000000E+00  0.000000000000000E+00 -0.444028214879516E+05 0.100000000000000E+03
0.119999999999986E-06  0.000000000000000E+00  0.000000000000000E+00 -0.491815900938071E+05 0.100000000000000E+03
0.121999999999988E-06  0.000000000000000E+00  0.000000000000000E+00 -0.539118224053080E+05 0.100000000000000E+03
0.123999999999990E-06  0.000000000000000E+00  0.000000000000000E+00 -0.585888502539871E+05 0.100000000000000E+03
0.125999999999993E-06  0.000000000000000E+00  0.000000000000000E+00 -0.632080579777652E+05 0.100000000000000E+03
0.127999999999995E-06  0.000000000000000E+00  0.000000000000000E+00 -0.677648869760491E+05 0.100000000000000E+03
0.129999999999997E-06  0.000000000000000E+00  0.000000000000000E+00 -0.722548402085198E+05 0.100000000000000E+03
0.131999999999999E-06  0.000000000000000E+00  0.000000000000000E+00 -0.766734866331687E+05 0.100000000000000E+03
0.134000000000002E-06  0.000000000000000E+00  0.000000000000000E+00 -0.810164655792019E+05 0.100000000000000E+03
0.136000000000004E-06  0.000000000000000E+00  0.000000000000000E+00 -0.852794910504952E+05 0.100000000000000E+03
0.138000000000006E-06  0.000000000000000E+00  0.000000000000000E+00 -0.894583559553556E+05 0.100000000000000E+03
0.140000000000009E-06  0.000000000000000E+00  0.000000000000000E+00 -0.935489362584130E+05 0.100000000000000E+03
0.142000000000011E-06  0.000000000000000E+00  0.000000000000000E+00 -0.975471950505453E+05 0.100000000000000E+03
0.144000000000013E-06  0.000000000000000E+00  0.000000000000000E+00 -0.101449186532821E+06 0.100000000000000E+03
0.146000000000015E-06  0.000000000000000E+00  0.000000000000000E+00 -0.105251059910525E+06 0.100000000000000E+03
0.148000000000018E-06  0.000000000000000E+00  0.000000000000000E+00 -0.108949063193432E+06 0.100000000000000E+03
0.150000000000020E-06  0.000000000000000E+00  0.000000000000000E+00 -0.112539546898563E+06 0.100000000000000E+03
0.152000000000022E-06  0.000000000000000E+00  0.000000000000000E+00 -0.116018967651788E+06 0.100000000000000E+03
0.154000000000024E-06  0.000000000000000E+00  0.000000000000000E+00 -0.119383891684708E+06 0.100000000000000E+03
0.156000000000027E-06  0.000000000000000E+00  0.000000000000000E+00 -0.122630998223371E+06 0.100000000000000E+03
0.158000000000029E-06  0.000000000000000E+00  0.000000000000000E+00 -0.125757082765471E+06 0.100000000000000E+03
0.160000000000031E-06  0.000000000000000E+00  0.000000000000000E+00 -0.128759060242812E+06 0.100000000000000E+03
0.162000000000033E-06  0.000000000000000E+00  0.000000000000000E+00 -0.131633968065892E+06 0.100000000000000E+03
0.164000000000036E-06  0.000000000000000E+00  0.000000000000000E+00 -0.134378969047622E+06 0.100000000000000E+03
0.166000000000038E-06  0.000000000000000E+00  0.000000000000000E+00 -0.136991354203291E+06 0.100000000000000E+03
0.168000000000040E-06  0.000000000000000E+00  0.000000000000000E+00 -0.139468545424004E+06 0.100000000000000E+03
0.170000000000043E-06  0.000000000000000E+00  0.000000000000000E+00 -0.141808098020966E+06 0.100000000000000E+03
0.172000000000045E-06  0.000000000000000E+00  0.000000000000000E+00 -0.144007703138091E+06 0.100000000000000E+03
0.174000000000047E-06  0.000000000000000E+00  0.000000000000000E+00 -0.146065190030570E+06 0.100000000000000E+03
0.176000000000049E-06  0.000000000000000E+00  0.000000000000000E+00 -0.147978528207132E+06 0.100000000000000E+03
0.178000000000052E-06  0.000000000000000E+00  0.000000000000000E+00 -0.149745829433889E+06 0.100000000000000E+03
0.180000000000054E-06  0.000000000000000E+00  0.000000000000000E+00 -0.151365349597804E+06 0.100000000000000E+03
0.182000000000056E-06  0.000000000000000E+00  0.000000000000000E+00 -0.152835490427913E+06 0.100000000000000E+03
0.184000000000058E-06  0.000000000000000E+00  0.000000000000000E+00 -0.154154801072627E+06 0.100000000000000E+03
0.186000000000061E-06  0.000000000000000E+00  0.000000000000000E+00 -0.155321979531551E+06 0.100000000000000E+03
0.188000000000063E-06  0.000000000000000E+00  0.000000000000000E+00 -0.156335873940397E+06 0.100000000000000E+03
0.190000000000065E-06  0.000000000000000E+00  0.000000000000000E+00 -0.157195483707736E+06 0.100000000000000E+03
0.192000000000067E-06  0.000000000000000E+00  0.000000000000000E+00 -0.157899960502462E+06 0.100000000000000E+03
0.194000000000070E-06  0.000000000000000E+00  0.000000000000000E+00 -0.158448609090994E+06 0.100000000000000E+03
0.196000000000072E-06  0.000000000000000E+00  0.000000000000000E+00 -0.158840888023382E+06 0.100000000000000E+03
0.198000000000074E-06  0.000000000000000E+00  0.000000000000000E+00 -0.159076410167661E+06 0.100000000000000E+03
0.200000000000077E-06  0.000000000000000E+00  0.000000000000000E+00 -0.159154943091895E+06 0.100000000000000E+03
0.202000000000079E-06  0.000000000000000E+00  0.000000000000000E+00 -0.159076409293565E+06 0.100000000000000E+03
0.204000000000081E-06  0.000000000000000E+00  0.000000000000000E+00 -0.158840886276053E+06 0.100000000000000E+03
0.206000000000083E-06  0.000000000000000E+00  0.000000000000000E+00 -0.158448606472155E+06 0.100000000000000E+03
0.208000000000086E-06  0.000000000000000E+00  0.000000000000000E+00 -0.157899957014699E+06 0.100000000000000E+03
0.210000000000088E-06  0.000000000000000E+00  0.000000000000000E+00 -0.157195479354490E+06 0.100000000000000E+03
0.212000000000090E-06  0.000000000000000E+00  0.000000000000000E+00 -0.156335868725965E+06 0.100000000000000E+03
0.214000000000092E-06  0.000000000000000E+00  0.000000000000000E+00 -0.155321973461079E+06 0.100000000000000E+03
0.216000000000095E-06  0.000000000000000E+00  0.000000000000000E+00 -0.154154794152105E+06 0.100000000000000E+03
0.218000000000097E-06  0.000000000000000E+00  0.000000000000000E+00 -0.152835482664171E+06 0.100000000000000E+03
0.220000000000099E-06  0.000000000000000E+00  0.000000000000000E+00 -0.151365340998504E+06 0.100000000000000E+03
0.222000000000101E-06  0.000000000000000E+00  0.000000000000000E+00 -0.149745820007518E+06 0.100000000000000E+03
0.224000000000104E-06  0.000000000000000E+00  0.000000000000000E+00 -0.147978517962991E+06 0.100000000000000E+03
0.226000000000106E-06  0.000000000000000E+00  0.000000000000000E+00 -0.146065178978771E+06 0.100000000000000E+03
0.228000000000108E-06  0.000000000000000E+00  0.000000000000000E+00 -0.144007691289539E+06 0.100000000000000E+03
0.230000000000111E-06  0.000000000000000E+00  0.000000000000000E+00 -0.141808085387355E+06 0.100000000000000E+03
0.232000000000113E-06  0.000000000000000E+00  0.000000000000000E+00 -0.139468532017802E+06 0.100000000000000E+03
0.234000000000115E-06  0.000000000000000E+00  0.000000000000000E+00 -0.136991340037728E+06 0.100000000000000E+03
0.236000000000117E-06  0.000000000000000E+00  0.000000000000000E+00 -0.134378954136677E+06 0.100000000000000E+03
0.238000000000120E-06  0.000000000000000E+00  0.000000000000000E+00 -0.131633952424281E+06 0.100000000000000E+03
0.240000000000122E-06  0.000000000000000E+00  0.000000000000000E+00 -0.128759043885972E+06 0.100000000000000E+03
0.242000000000124E-06  0.000000000000000E+00  0.000000000000000E+00 -0.125757065709544E+06 0.100000000000000E+03
0.244000000000126E-06  0.000000000000000E+00  0.000000000000000E+00 -0.122630980485188E+06 0.100000000000000E+03
0.246000000000129E-06  0.000000000000000E+00  0.000000000000000E+00 -0.119383873281775E+06 0.100000000000000E+03
0.248000000000131E-06  0.000000000000000E+00  0.000000000000000E+00 -0.116018948602267E+06 0.100000000000000E+03
0.250000000000133E-06  0.000000000000000E+00  0.000000000000000E+00 -0.112539527221253E+06 0.100000000000000E+03
0.252000000000136E-06  0.000000000000000E+00  0.000000000000000E+00 -0.108949042907752E+06 0.100000000000000E+03
0.254000000000138E-06  0.000000000000000E+00  0.000000000000000E+00 -0.105251039036496E+06 0.100000000000000E+03
0.256000000000140E-06  0.000000000000000E+00  0.000000000000000E+00 -0.101449165091041E+06 0.100000000000000E+03
0.258000000000142E-06  0.000000000000000E+00  0.000000000000000E+00 -0.975471730621761E+05 0.100000000000000E+03
0.260000000000145E-06  0.000000000000000E+00  0.000000000000000E+00 -0.935489137451541E+05 0.100000000000000E+03
0.262000000000147E-06  0.000000000000000E+00  0.000000000000000E+00 -0.894583329394249E+05 0.100000000000000E+03
0.264000000000149E-06  0.000000000000000E+00  0.000000000000000E+00 -0.852794675546066E+05 0.100000000000000E+03
0.266000000000151E-06  0.000000000000000E+00  0.000000000000000E+00 -0.810164416265430E+05 0.100000000000000E+03
0.268000000000154E-06  0.000000000000000E+00  0.000000000000000E+00 -0.766734622473780E+05 0.100000000000000E+03
0.270000000000156E-06  0.000000000000000E+00  0.000000000000000E+00 -0.722548154136630E+05 0.100000000000000E+03
0.272000000000158E-06  0.000000000000000E+00  0.000000000000000E+00 -0.677648617965958E+05 0.100000000000000E+03
0.274000000000160E-06  0.000000000000000E+00  0.000000000000000E+00 -0.632080324385645E+05 0.100000000000000E+03
0.276000000000163E-06  0.000000000000000E+00  0.000000000000000E+00 -0.585888243802431E+05 0.100000000000000E+03
0.278000000000165E-06  0.000000000000000E+00  0.000000000000000E+00 -0.539117962225549E+05 0.100000000000000E+03
0.280000000000167E-06  0.000000000000000E+00  0.000000000000000E+00 -0.491815636278842E+05 0.100000000000000E+03
0.282000000000170E-06  0.000000000000000E+00  0.000000000000000E+00 -0.444027947649737E+05 0.100000000000000E+03
0.284000000000172E-06  0.000000000000000E+00  0.000000000000000E+00 -0.395802057020058E+05 0.100000000000000E+03
0.286000000000174E-06  0.000000000000000E+00  0.000000000000000E+00 -0.347185557524124E+05 0.100000000000000E+03
0.288000000000176E-06  0.000000000000000E+00  0.000000000000000E+00 -0.298226427780066E+05 0.100000000000000E+03
0.290000000000179E-06  0.000000000000000E+00  0.000000000000000E+00 -0.248972984540721E+05 0.100000000000000E+03
0.292000000000181E-06  0.000000000000000E+00  0.000000000000000E+00 -0.199473835010834E+05 0.100000000000000E+03
0.294000000000183E-06  0.000000000000000E+00  0.000000000000000E+00 -0.149777828877604E+05 0.100000000000000E+03
0.296000000000185E-06  0.000000000000000E+00  0.000000000000000E+00 -0.999340101019415E+04 0.100000000000000E+03
0.298000000000188E-06  0.000000000000000E+00  0.000000000000000E+00 -0.499915685179980E+04 0.100000000000000E+03
0.300000000000190E-06  0.000000000000000E+00  0.000000000000000E+00  0.208711261861166E-01 0.100000000000000E+03
0.302000000000192E-06  0.000000000000000E+00  0.000000000000000E+00  0.499919857345489E+04 0.100000000000000E+03
0.304000000000194E-06  0.000000000000000E+00  0.000000000000000E+00  0.999344267007772E+04 0.100000000000000E+03
0.306000000000197E-06  0.000000000000000E+00  0.000000000000000E+00  0.149778244447591E+05 0.100000000000000E+03
0.308000000000199E-06  0.000000000000000E+00  0.000000000000000E+00  0.199474249141856E+05 0.100000000000000E+03
0.310000000000201E-06  0.000000000000000E+00  0.000000000000000E+00  0.248973396824082E+05 0.100000000000000E+03
0.312000000000204E-06  0.000000000000000E+00  0.000000000000000E+00  0.298226837808888E+05 0.100000000000000E+03
0.314000000000206E-06  0.000000000000000E+00  0.000000000000000E+00  0.347185964893761E+05 0.100000000000000E+03
0.316000000000208E-06  0.000000000000000E+00  0.000000000000000E+00  0.395802461328486E+05 0.100000000000000E+03
0.318000000000210E-06  0.000000000000000E+00  0.000000000000000E+00  0.444028348497950E+05 0.100000000000000E+03
0.320000000000213E-06  0.000000000000000E+00  0.000000000000000E+00  0.491816033271252E+05 0.100000000000000E+03
0.322000000000215E-06  0.000000000000000E+00  0.000000000000000E+00  0.539118354970373E+05 0.100000000000000E+03
0.324000000000217E-06  0.000000000000000E+00  0.000000000000000E+00  0.585888631912077E+05 0.100000000000000E+03
0.326000000000219E-06  0.000000000000000E+00  0.000000000000000E+00  0.632080707477095E+05 0.100000000000000E+03
0.328000000000222E-06  0.000000000000000E+00  0.000000000000000E+00  0.677648995661148E+05 0.100000000000000E+03
0.330000000000224E-06  0.000000000000000E+00  0.000000000000000E+00  0.722548526062820E+05 0.100000000000000E+03
0.332000000000226E-06  0.000000000000000E+00  0.000000000000000E+00  0.766734988263923E+05 0.100000000000000E+03
0.334000000000228E-06  0.000000000000000E+00  0.000000000000000E+00  0.810164775558536E+05 0.100000000000000E+03
0.336000000000231E-06  0.000000000000000E+00  0.000000000000000E+00  0.852795027987557E+05 0.100000000000000E+03
0.338000000000233E-06  0.000000000000000E+00  0.000000000000000E+00  0.894583674636306E+05 0.100000000000000E+03
0.340000000000235E-06  0.000000000000000E+00  0.000000000000000E+00  0.935489475153452E+05 0.100000000000000E+03
0.342000000000238E-06  0.000000000000000E+00  0.000000000000000E+00  0.975472060450257E+05 0.100000000000000E+03
0.344000000000240E-06  0.000000000000000E+00  0.000000000000000E+00  0.101449197253999E+06 0.100000000000000E+03
0.346000000000242E-06  0.000000000000000E+00  0.000000000000000E+00  0.105251070347821E+06 0.100000000000000E+03
0.348000000000244E-06  0.000000000000000E+00  0.000000000000000E+00  0.108949073336544E+06 0.100000000000000E+03
0.350000000000247E-06  0.000000000000000E+00  0.000000000000000E+00  0.112539556737482E+06 0.100000000000000E+03
0.352000000000249E-06  0.000000000000000E+00  0.000000000000000E+00  0.116018977176804E+06 0.100000000000000E+03
0.354000000000251E-06  0.000000000000000E+00  0.000000000000000E+00  0.119383900886421E+06 0.100000000000000E+03
0.356000000000253E-06  0.000000000000000E+00  0.000000000000000E+00  0.122631007092700E+06 0.100000000000000E+03
0.358000000000256E-06  0.000000000000000E+00  0.000000000000000E+00  0.125757091293664E+06 0.100000000000000E+03
0.360000000000258E-06  0.000000000000000E+00  0.000000000000000E+00  0.128759068421452E+06 0.100000000000000E+03
0.362000000000260E-06  0.000000000000000E+00  0.000000000000000E+00  0.131633975886906E+06 0.100000000000000E+03
0.364000000000263E-06  0.000000000000000E+00  0.000000000000000E+00  0.134378976503294E+06 0.100000000000000E+03
0.366000000000265E-06  0.000000000000000E+00  0.000000000000000E+00  0.136991361286262E+06 0.100000000000000E+03
0.368000000000267E-06  0.000000000000000E+00  0.000000000000000E+00  0.139468552127285E+06 0.100000000000000E+03
0.370000000000269E-06  0.000000000000000E+00  0.000000000000000E+00  0.141808104337940E+06 0.100000000000000E+03
0.372000000000272E-06  0.000000000000000E+00  0.000000000000000E+00  0.144007709062525E+06 0.100000000000000E+03
0.374000000000274E-06  0.000000000000000E+00  0.000000000000000E+00  0.146065195556617E+06 0.100000000000000E+03
0.376000000000276E-06  0.000000000000000E+00  0.000000000000000E+00  0.147978533329338E+06 0.100000000000000E+03
0.378000000000278E-06  0.000000000000000E+00  0.000000000000000E+00  0.149745834147200E+06 0.100000000000000E+03
0.380000000000281E-06  0.000000000000000E+00  0.000000000000000E+00  0.151365353897568E+06 0.100000000000000E+03
0.382000000000283E-06  0.000000000000000E+00  0.000000000000000E+00  0.152835494309887E+06 0.100000000000000E+03
0.384000000000285E-06  0.000000000000000E+00  0.000000000000000E+00  0.154154804532980E+06 0.100000000000000E+03
0.386000000000287E-06  0.000000000000000E+00  0.000000000000000E+00  0.155321982566868E+06 0.100000000000000E+03
0.388000000000290E-06  0.000000000000000E+00  0.000000000000000E+00  0.156335876547682E+06 0.100000000000000E+03
0.390000000000292E-06  0.000000000000000E+00  0.000000000000000E+00  0.157195485884415E+06 0.100000000000000E+03
0.392000000000294E-06  0.000000000000000E+00  0.000000000000000E+00  0.157899962246389E+06 0.100000000000000E+03
0.394000000000297E-06  0.000000000000000E+00  0.000000000000000E+00  0.158448610400446E+06 0.100000000000000E+03
0.396000000000299E-06  0.000000000000000E+00  0.000000000000000E+00  0.158840888897069E+06 0.100000000000000E+03
0.398000000000301E-06  0.000000000000000E+00  0.000000000000000E+00  0.159076410604719E+06 0.100000000000000E+03
0.400000000000303E-06  0.000000000000000E+00  0.000000000000000E+00  0.159154943091893E+06 0.100000000000000E+03
